MEME version 4

ALPHABET= ACGT

strands: + -

Background letter frequencies
A 0.25 C 0.25 G 0.25 T 0.25

MOTIF Average_121
letter-probability matrix: alength= 4 w= 15 nsites= 200
0.0852	0.4913	0.1659	0.2576
0.1068	0.2222	0.3268	0.3442
0.0000	0.0000	1.0000	0.0000
0.0000	0.0065	0.0000	0.9935
0.0174	0.0261	0.0000	0.9564
0.0479	0.0022	0.9237	0.0261
0.0000	1.0000	0.0000	0.0000
0.0044	0.3660	0.0044	0.6253
0.7734	0.0370	0.0370	0.1525
0.3573	0.0044	0.6035	0.0349
0.0065	0.0022	0.9913	0.0000
0.1874	0.6579	0.0610	0.0937
0.7429	0.0174	0.1830	0.0566
0.9041	0.0087	0.0828	0.0044
0.0545	0.8889	0.0131	0.0436
URL none

