MEME version 4

ALPHABET= ACGT

strands: + -

Background letter frequencies
A 0.25 C 0.25 G 0.25 T 0.25

MOTIF Average_244
letter-probability matrix: alength= 4 w= 16 nsites= 200
0.0695	0.5430	0.2219	0.1656
0.0792	0.1551	0.3960	0.3696
0.0858	0.1518	0.5974	0.1650
0.0629	0.4768	0.2682	0.1921
0.0429	0.5908	0.2046	0.1617
0.0990	0.5842	0.1089	0.2079
0.0297	0.6436	0.0132	0.3135
0.0231	0.0528	0.0231	0.9010
0.0264	0.0099	0.0033	0.9604
0.2980	0.0000	0.0000	0.7020
0.9703	0.0033	0.0000	0.0264
0.9010	0.0165	0.0660	0.0165
0.1848	0.0297	0.7426	0.0429
0.2492	0.2990	0.3522	0.0997
0.2442	0.2970	0.4059	0.0528
0.1617	0.2508	0.4917	0.0957
URL none

