MEME version 4

ALPHABET= ACGT

strands: + -

Background letter frequencies
A 0.25 C 0.25 G 0.25 T 0.25

MOTIF Average_251
letter-probability matrix: alength= 4 w= 16 nsites= 200
0.4463	0.0536	0.3734	0.1267
0.0635	0.0469	0.8179	0.0717
0.7067	0.2001	0.0253	0.0679
0.0195	0.0070	0.0041	0.9694
0.1603	0.0522	0.0242	0.7633
0.8998	0.0044	0.0181	0.0778
0.2805	0.0784	0.2386	0.4026
0.2503	0.4933	0.1384	0.1180
0.2331	0.4100	0.1693	0.1876
0.2270	0.1483	0.2745	0.3502
0.2447	0.0379	0.6440	0.0734
0.0536	0.0353	0.8424	0.0688
0.7952	0.1407	0.0175	0.0466
0.0096	0.0082	0.0061	0.9761
0.1075	0.0425	0.0172	0.8328
0.8826	0.0055	0.0224	0.0894
URL none

