MEME version 4

ALPHABET= ACGT

strands: + -

Background letter frequencies
A 0.25 C 0.25 G 0.25 T 0.25

MOTIF Average_196
letter-probability matrix: alength= 4 w= 15 nsites= 200
0.1612	0.5550	0.1656	0.1181
0.9294	0.0108	0.0466	0.0132
0.9329	0.0214	0.0199	0.0258
0.2175	0.1788	0.5387	0.0651
0.9648	0.0062	0.0126	0.0164
0.0073	0.0091	0.0217	0.9619
0.0082	0.0044	0.9839	0.0035
0.0091	0.0146	0.9733	0.0029
0.0070	0.9892	0.0009	0.0029
0.0120	0.0747	0.8637	0.0495
0.0562	0.1008	0.7979	0.0451
0.1022	0.8093	0.0436	0.0448
0.0857	0.3593	0.3978	0.1572
0.1234	0.3359	0.4176	0.1231
0.0962	0.5455	0.2045	0.1538
URL none

