MEME version 4

ALPHABET= ACGT

strands: + -

Background letter frequencies
A 0.25 C 0.25 G 0.25 T 0.25

MOTIF Average_269
letter-probability matrix: alength= 4 w= 25 nsites= 200
0.0595	0.1997	0.6743	0.0666
0.0689	0.7874	0.0630	0.0807
0.3231	0.0995	0.4992	0.0782
0.2527	0.1814	0.4752	0.0908
0.2311	0.0660	0.4544	0.2485
0.0315	0.0262	0.9084	0.0339
0.0843	0.6427	0.2121	0.0609
0.4741	0.3596	0.0689	0.0974
0.0228	0.2489	0.0558	0.6724
0.0374	0.2175	0.4220	0.3231
0.1054	0.7171	0.0893	0.0883
0.0087	0.2464	0.0076	0.7373
0.0049	0.0026	0.9888	0.0036
0.0019	0.0026	0.9940	0.0015
0.0201	0.0035	0.9645	0.0119
0.8742	0.0323	0.0529	0.0406
0.3983	0.1555	0.3289	0.1174
0.2783	0.1286	0.1274	0.4657
0.0636	0.1281	0.0855	0.7228
0.0533	0.0479	0.8547	0.0441
0.0648	0.0783	0.0975	0.7595
0.8094	0.0477	0.0976	0.0453
0.0851	0.0829	0.7474	0.0845
0.0808	0.0861	0.0985	0.7346
0.0942	0.4194	0.1105	0.3760
URL none

