MEME version 4

ALPHABET= ACGT

strands: + -

Background letter frequencies
A 0.25 C 0.25 G 0.25 T 0.25

MOTIF Average_253
letter-probability matrix: alength= 4 w= 13 nsites= 200
0.1012	0.2981	0.1199	0.4808
0.1578	0.5870	0.0704	0.1849
0.8253	0.0182	0.0960	0.0605
0.0032	0.7383	0.2009	0.0577
0.0086	0.0000	0.0000	0.9914
0.0003	0.0000	0.0000	0.9997
0.0012	0.9859	0.0000	0.0130
0.0032	0.9080	0.0006	0.0882
0.0121	0.2941	0.0631	0.6306
0.0185	0.6557	0.1407	0.1851
0.2260	0.1188	0.0352	0.6201
0.1338	0.0614	0.0401	0.7648
0.1421	0.1291	0.0669	0.6619
URL none

