MEME version 4

ALPHABET= ACGT

strands: + -

Background letter frequencies
A 0.25 C 0.25 G 0.25 T 0.25

MOTIF Average_222
letter-probability matrix: alength= 4 w= 14 nsites= 200
0.1538	0.0295	0.0065	0.8101
0.8891	0.0084	0.0491	0.0533
0.9973	0.0000	0.0012	0.0015
0.0199	0.0031	0.2605	0.7165
0.0606	0.8853	0.0203	0.0338
0.0909	0.5758	0.0288	0.3046
0.1266	0.3966	0.1350	0.3418
0.1926	0.2501	0.0698	0.4875
0.0936	0.0176	0.0023	0.8865
0.8431	0.0207	0.0583	0.0779
0.9919	0.0023	0.0019	0.0038
0.0322	0.0200	0.2644	0.6834
0.1047	0.7771	0.0514	0.0667
0.1312	0.5351	0.0426	0.2911
URL none

