MEME version 4

ALPHABET= ACGT

strands: + -

Background letter frequencies
A 0.25 C 0.25 G 0.25 T 0.25

MOTIF Average_263
letter-probability matrix: alength= 4 w= 16 nsites= 200
0.0259	0.1604	0.0024	0.8113
0.9198	0.0495	0.0212	0.0094
0.9953	0.0024	0.0000	0.0024
0.0024	0.0000	0.0000	0.9976
0.0071	0.0094	0.0259	0.9575
0.8042	0.0024	0.1580	0.0354
0.2482	0.2009	0.3877	0.1631
0.2642	0.2123	0.1816	0.3420
0.2637	0.2162	0.2280	0.2922
0.1250	0.2642	0.1061	0.5047
0.4929	0.1203	0.0472	0.3396
0.7759	0.0920	0.0684	0.0637
0.4858	0.0118	0.0283	0.4741
0.0590	0.0519	0.1038	0.7854
0.3420	0.0590	0.2075	0.3915
0.4670	0.1061	0.2594	0.1675
URL none

