MEME version 4

ALPHABET= ACGT

strands: + -

Background letter frequencies
A 0.25 C 0.25 G 0.25 T 0.25

MOTIF Average_270
letter-probability matrix: alength= 4 w= 16 nsites= 200
0.1384	0.0668	0.1005	0.6944
0.0752	0.2904	0.0616	0.5728
0.4745	0.3894	0.0404	0.0957
0.0628	0.4061	0.0153	0.5158
0.2452	0.0064	0.7370	0.0114
0.0181	0.6873	0.2773	0.0173
0.3151	0.1736	0.0677	0.4436
0.0438	0.2247	0.0166	0.7149
0.0195	0.4759	0.4134	0.0913
0.8401	0.0183	0.1280	0.0136
0.2080	0.3363	0.2817	0.1740
0.0716	0.0620	0.0206	0.8458
0.1726	0.0248	0.5602	0.2424
0.4438	0.3006	0.2251	0.0305
0.3606	0.2225	0.2026	0.2142
0.0768	0.4857	0.0668	0.3707
URL none

