MEME version 4

ALPHABET= ACGT

strands: + -

Background letter frequencies
A 0.25 C 0.25 G 0.25 T 0.25

MOTIF Average_245
letter-probability matrix: alength= 4 w= 18 nsites= 200
0.5817	0.1445	0.0861	0.1877
0.3684	0.3731	0.1472	0.1113
0.7038	0.2058	0.0646	0.0258
0.8200	0.0467	0.1089	0.0244
0.5147	0.0562	0.2241	0.2051
0.3332	0.1073	0.4449	0.1146
0.2800	0.1999	0.4671	0.0530
0.2493	0.2797	0.3440	0.1271
0.1257	0.3475	0.2786	0.2482
0.0549	0.4136	0.2230	0.3085
0.0269	0.7366	0.0625	0.1741
0.3098	0.0559	0.0242	0.6101
0.0003	0.1027	0.0478	0.8493
0.0016	0.0003	0.0000	0.9981
0.0128	0.0337	0.9514	0.0022
0.0299	0.0016	0.0019	0.9666
0.0443	0.1657	0.2376	0.5524
0.1140	0.4032	0.0714	0.4113
URL none

