MEME version 4

ALPHABET= ACGT

strands: + -

Background letter frequencies
A 0.25 C 0.25 G 0.25 T 0.25

MOTIF Average_197
letter-probability matrix: alength= 4 w= 16 nsites= 200
0.0914	0.4900	0.1809	0.2377
0.1228	0.2496	0.3426	0.2850
0.0217	0.0025	0.9732	0.0025
0.0012	0.0215	0.0035	0.9738
0.0278	0.1263	0.0016	0.8443
0.1253	0.0245	0.7019	0.1483
0.0014	0.9458	0.0055	0.0474
0.0014	0.8402	0.0008	0.1576
0.8739	0.0347	0.0401	0.0513
0.0885	0.0452	0.0973	0.7689
0.1010	0.0012	0.8970	0.0008
0.0828	0.0284	0.8849	0.0039
0.3143	0.4024	0.0738	0.2095
0.6374	0.0078	0.2947	0.0601
0.9054	0.0425	0.0386	0.0135
0.0174	0.8502	0.0196	0.1128
URL none

