MEME version 4

ALPHABET= ACGT

strands: + -

Background letter frequencies
A 0.25 C 0.25 G 0.25 T 0.25

MOTIF Mullerglia_pattern_26.pfm
letter-probability matrix: alength= 4 w= 12 nsites= 200
0.0894	0.8699	0.0000	0.0407
0.8130	0.0325	0.0407	0.1138
0.0976	0.3984	0.4146	0.0894
0.3333	0.3171	0.0732	0.2764
0.3496	0.0732	0.1220	0.4553
0.0732	0.0244	0.8130	0.0894
0.4959	0.0976	0.3089	0.0976
0.2195	0.3333	0.2602	0.1870
0.2459	0.0328	0.3852	0.3361
0.0569	0.0488	0.7967	0.0976
0.1301	0.7154	0.0894	0.0650
0.4309	0.0813	0.1707	0.3171
URL none

