MEME version 4

ALPHABET= ACGT

strands: + -

Background letter frequencies
A 0.25 C 0.25 G 0.25 T 0.25

MOTIF OFFconebipolar_pattern_22.pfm
letter-probability matrix: alength= 4 w= 30 nsites= 200
0.1831	0.1549	0.1620	0.5000
0.1915	0.1560	0.2270	0.4255
0.1690	0.2394	0.4437	0.1479
0.1761	0.5352	0.1197	0.1690
0.2128	0.2057	0.1206	0.4610
0.2465	0.1268	0.3521	0.2746
0.5282	0.1197	0.1620	0.1901
0.6338	0.1197	0.0916	0.1549
0.2128	0.0426	0.5390	0.2057
0.1348	0.3546	0.2128	0.2979
0.3169	0.0634	0.1690	0.4507
0.0213	0.0355	0.8510	0.0922
0.2958	0.6338	0.0141	0.0563
0.0141	0.0000	0.0070	0.9789
0.1479	0.0845	0.0352	0.7324
0.9648	0.0070	0.0000	0.0282
0.2324	0.0282	0.2746	0.4648
0.1620	0.6760	0.1268	0.0352
0.6408	0.0775	0.1761	0.1056
0.0000	0.0141	0.9436	0.0423
0.2887	0.6972	0.0000	0.0141
0.0000	0.0000	0.0000	1.0000
0.0426	0.0284	0.0071	0.9220
0.8873	0.0000	0.0070	0.1056
0.6099	0.0922	0.1560	0.1418
0.1408	0.1690	0.5070	0.1831
0.2113	0.1408	0.4789	0.1690
0.5319	0.1135	0.1418	0.2128
0.1549	0.1479	0.5352	0.1620
0.4894	0.1489	0.1489	0.2128
URL none

