MEME version 4

ALPHABET= ACGT

strands: + -

Background letter frequencies
A 0.25 C 0.25 G 0.25 T 0.25

MOTIF Rodbipolar_pattern_19.pfm
letter-probability matrix: alength= 4 w= 16 nsites= 200
0.2330	0.2039	0.0971	0.4660
0.1942	0.2621	0.0874	0.4563
0.3786	0.2330	0.1165	0.2718
0.2330	0.2621	0.1748	0.3301
0.2451	0.2843	0.3039	0.1667
0.2900	0.3500	0.0700	0.2900
0.1748	0.0000	0.0000	0.8252
1.0000	0.0000	0.0000	0.0000
1.0000	0.0000	0.0000	0.0000
0.2647	0.0000	0.1373	0.5980
0.5146	0.0971	0.2136	0.1748
0.0594	0.0099	0.9307	0.0000
0.0297	0.8713	0.0297	0.0693
0.2843	0.1177	0.0294	0.5686
0.0294	0.0980	0.0294	0.8431
0.0693	0.0594	0.0297	0.8416
URL none

