MEME version 4

ALPHABET= ACGT

strands: + -

Background letter frequencies
A 0.25 C 0.25 G 0.25 T 0.25

MOTIF ZNF76
letter-probability matrix: alength= 4 w= 28 nsites= 1000
0.0460	0.2260	0.6660	0.0620
0.0630	0.7970	0.0600	0.0800
0.3060	0.1050	0.5060	0.0830
0.2410	0.2130	0.4410	0.1050
0.2210	0.0530	0.4800	0.2460
0.0340	0.0330	0.9060	0.0270
0.0770	0.6680	0.2020	0.0530
0.4440	0.3850	0.0650	0.1060
0.0140	0.2650	0.0480	0.6730
0.0300	0.2050	0.4430	0.3220
0.1010	0.7310	0.0760	0.0920
0.0070	0.2550	0.0060	0.7320
0.0040	0.0000	0.9940	0.0020
0.0020	0.0010	0.9960	0.0010
0.0240	0.0000	0.9700	0.0060
0.9000	0.0230	0.0510	0.0260
0.4040	0.1460	0.3500	0.1000
0.2760	0.0990	0.1000	0.5250
0.0220	0.1140	0.0400	0.8240
0.0150	0.0040	0.9800	0.0010
0.0320	0.0410	0.0650	0.8620
0.9340	0.0050	0.0580	0.0030
0.0060	0.0000	0.9900	0.0040
0.0040	0.0080	0.0220	0.9660
0.0210	0.4900	0.0320	0.4570
0.0420	0.5780	0.0480	0.3320
0.1420	0.3490	0.2140	0.2950
0.1330	0.3540	0.2700	0.2430
URL none

MOTIF CTCF
letter-probability matrix: alength= 4 w= 26 nsites= 7396
0.2123	0.2413	0.2975	0.2489
0.1041	0.3392	0.1328	0.4239
0.1627	0.1910	0.4563	0.1900
0.2476	0.0929	0.5155	0.1440
0.0804	0.8264	0.0457	0.0475
0.0093	0.9861	0.0019	0.0027
0.7395	0.0218	0.1677	0.0711
0.0269	0.6243	0.3323	0.0165
0.1252	0.4824	0.0713	0.3211
0.8940	0.0254	0.0530	0.0276
0.0050	0.0005	0.9920	0.0024
0.4005	0.0030	0.5927	0.0038
0.0268	0.0224	0.5703	0.3805
0.0087	0.0019	0.9847	0.0047
0.0150	0.0204	0.9040	0.0606
0.0987	0.8226	0.0150	0.0637
0.4081	0.0211	0.5420	0.0288
0.0715	0.5545	0.3191	0.0549
0.0949	0.4095	0.1029	0.3926
0.3558	0.2675	0.3085	0.0682
0.1413	0.2359	0.2972	0.3256
0.3073	0.2124	0.2351	0.2451
0.1893	0.1673	0.5001	0.1433
0.2143	0.3307	0.2966	0.1583
0.2042	0.4137	0.2231	0.1590
0.1683	0.5080	0.1157	0.2080
URL none

MOTIF SOX:SOX
letter-probability matrix: alength= 4 w= 22 nsites= 2532
0.2966	0.2259	0.2753	0.2022
0.3336	0.1946	0.2965	0.1753
0.4931	0.1800	0.1919	0.1350
0.5997	0.1449	0.0841	0.1713
0.3727	0.3675	0.1504	0.1094
0.6984	0.2100	0.0679	0.0237
0.8409	0.0434	0.1026	0.0130
0.5537	0.0533	0.2196	0.1734
0.3518	0.1019	0.4433	0.1030
0.2886	0.1887	0.4824	0.0403
0.2641	0.2692	0.3569	0.1098
0.1251	0.3486	0.2862	0.2400
0.0581	0.4147	0.2224	0.3049
0.0276	0.7414	0.0553	0.1757
0.3079	0.0576	0.0276	0.6068
0.0004	0.1176	0.0553	0.8267
0.0016	0.0004	0.0000	0.9980
0.0114	0.0434	0.9432	0.0020
0.0375	0.0020	0.0020	0.9585
0.0419	0.1671	0.2642	0.5269
0.1121	0.3952	0.0711	0.4216
0.1418	0.2643	0.2070	0.3868
URL none

MOTIF NFY
letter-probability matrix: alength= 4 w= 17 nsites= 3837
0.1900	0.3148	0.3200	0.1751
0.1309	0.3475	0.2620	0.2596
0.0863	0.4887	0.2085	0.2166
0.4113	0.1108	0.4032	0.0748
0.2098	0.0725	0.6216	0.0962
0.0073	0.9828	0.0070	0.0029
0.0057	0.9625	0.0083	0.0235
0.9927	0.0008	0.0008	0.0057
0.9917	0.0003	0.0055	0.0026
0.0029	0.0125	0.0042	0.9805
0.0878	0.5455	0.2744	0.0923
0.4853	0.1134	0.3907	0.0107
0.1222	0.2562	0.5629	0.0586
0.4089	0.2765	0.2283	0.0863
0.2641	0.0923	0.5211	0.1225
0.1645	0.3302	0.3693	0.1360
0.1384	0.3518	0.3602	0.1496
URL none

MOTIF MEF
letter-probability matrix: alength= 4 w= 15 nsites= 2265
0.3011	0.0909	0.2455	0.3625
0.1536	0.0839	0.4300	0.3325
0.1161	0.7258	0.0318	0.1263
0.0084	0.2168	0.0062	0.7687
0.7960	0.0464	0.0243	0.1333
0.7086	0.0044	0.0525	0.2344
0.9245	0.0013	0.0300	0.0442
0.8702	0.0018	0.0071	0.1210
0.9439	0.0009	0.0026	0.0525
0.0274	0.0075	0.0026	0.9625
0.9810	0.0013	0.0137	0.0040
0.1823	0.0216	0.7488	0.0472
0.3258	0.4923	0.0662	0.1157
0.3492	0.2636	0.0751	0.3121
0.2393	0.3095	0.1788	0.2724
URL none

MOTIF RFX/1
letter-probability matrix: alength= 4 w= 20 nsites= 1024
0.1367	0.3848	0.2002	0.2783
0.1621	0.2363	0.3223	0.2793
0.1611	0.0195	0.7979	0.0215
0.0186	0.0410	0.0273	0.9131
0.0840	0.3008	0.0146	0.6006
0.2607	0.0820	0.3359	0.3213
0.0020	0.8867	0.0137	0.0977
0.0000	0.9150	0.0010	0.0840
0.7959	0.0791	0.0410	0.0840
0.0469	0.0391	0.0205	0.8936
0.2344	0.0000	0.7656	0.0000
0.0635	0.0000	0.9355	0.0010
0.1396	0.6904	0.0146	0.1553
0.8477	0.0010	0.1045	0.0469
0.9756	0.0020	0.0215	0.0010
0.0000	0.9941	0.0000	0.0059
0.3262	0.3457	0.1865	0.1416
0.2666	0.1494	0.4668	0.1172
0.2217	0.3232	0.2812	0.1738
0.2900	0.2461	0.2617	0.2021
URL none

MOTIF SPI
letter-probability matrix: alength= 4 w= 19 nsites= 3300
0.2885	0.2103	0.2545	0.2467
0.2127	0.2587	0.2920	0.2366
0.2042	0.1848	0.1551	0.4559
0.1651	0.1899	0.2260	0.4190
0.0982	0.2948	0.1188	0.4883
0.1531	0.5917	0.0694	0.1858
0.8201	0.0191	0.0985	0.0624
0.0033	0.7337	0.2024	0.0606
0.0091	0.0000	0.0000	0.9909
0.0003	0.0000	0.0000	0.9997
0.0012	0.9852	0.0000	0.0136
0.0033	0.9533	0.0006	0.0427
0.0127	0.2978	0.0294	0.6601
0.0194	0.6433	0.1467	0.1906
0.2311	0.1245	0.0370	0.6074
0.1390	0.0645	0.0421	0.7543
0.1475	0.1336	0.0703	0.6486
0.1297	0.3088	0.1467	0.4148
0.1684	0.2360	0.2130	0.3826
URL none

MOTIF PAX
letter-probability matrix: alength= 4 w= 21 nsites= 1621
0.3004	0.1703	0.1117	0.4176
0.2350	0.2079	0.1357	0.4213
0.1615	0.1856	0.1097	0.5432
0.1461	0.0684	0.0999	0.6856
0.0758	0.2898	0.0567	0.5777
0.4932	0.3650	0.0401	0.1017
0.0764	0.0469	0.0123	0.8644
0.0049	0.0006	0.9945	0.0000
0.0049	0.9088	0.0808	0.0055
0.3103	0.1147	0.0191	0.5558
0.0247	0.2491	0.0123	0.7139
0.0167	0.4195	0.4614	0.1024
0.8231	0.0166	0.1449	0.0154
0.2178	0.3572	0.2708	0.1542
0.1011	0.0413	0.0228	0.8348
0.1715	0.0185	0.5361	0.2739
0.4716	0.3039	0.2010	0.0234
0.3508	0.2133	0.1991	0.2367
0.0716	0.4596	0.0574	0.4115
0.3409	0.1794	0.1116	0.3681
0.1985	0.2478	0.1917	0.3619
URL none

MOTIF SP
letter-probability matrix: alength= 4 w= 23 nsites= 4731
0.1264	0.3568	0.4101	0.1067
0.1370	0.3397	0.4249	0.0985
0.1294	0.2900	0.4908	0.0898
0.1118	0.2886	0.4894	0.1101
0.1588	0.3163	0.4175	0.1074
0.3150	0.2421	0.3129	0.1300
0.2238	0.1264	0.5995	0.0503
0.0964	0.0264	0.7563	0.1209
0.1704	0.0089	0.8136	0.0072
0.0025	0.0034	0.9909	0.0032
0.0034	0.0038	0.9909	0.0019
0.0471	0.9343	0.0051	0.0135
0.0004	0.0000	0.9985	0.0011
0.0032	0.0087	0.8916	0.0966
0.1632	0.0118	0.7891	0.0359
0.0782	0.0573	0.8345	0.0300
0.0590	0.8051	0.0370	0.0989
0.0812	0.5117	0.1604	0.2467
0.2169	0.1602	0.3101	0.3128
0.1782	0.2811	0.4519	0.0888
0.1513	0.2803	0.4813	0.0871
0.1365	0.2629	0.4955	0.1051
0.1177	0.3175	0.4439	0.1209
URL none

MOTIF NFI
letter-probability matrix: alength= 4 w= 21 nsites= 6238
0.2163	0.2592	0.2929	0.2316
0.2567	0.2459	0.2542	0.2432
0.1165	0.4543	0.2483	0.1808
0.0349	0.4646	0.0329	0.4676
0.0311	0.0088	0.0976	0.8625
0.0032	0.0016	0.9928	0.0024
0.0069	0.0050	0.9825	0.0056
0.0786	0.8971	0.0184	0.0059
0.4729	0.1980	0.0547	0.2744
0.1630	0.2546	0.4064	0.1760
0.2371	0.2924	0.2929	0.1776
0.2183	0.2695	0.3293	0.1829
0.2648	0.1565	0.2387	0.3400
0.0651	0.1196	0.4757	0.3396
0.0494	0.8478	0.0322	0.0705
0.0340	0.9021	0.0273	0.0367
0.4245	0.4014	0.0483	0.1258
0.4439	0.1000	0.3197	0.1364
0.1499	0.1956	0.5297	0.1249
0.2355	0.2613	0.2809	0.2223
0.2219	0.3030	0.2491	0.2260
URL none

MOTIF ATF
letter-probability matrix: alength= 4 w= 15 nsites= 207
0.2754	0.2560	0.2850	0.1836
0.2995	0.1256	0.3816	0.1932
0.5556	0.2077	0.2174	0.0193
0.0000	0.0000	0.0000	1.0000
0.0000	0.0000	0.8309	0.1691
0.9807	0.0048	0.0048	0.0097
0.0048	0.5459	0.0725	0.3768
0.4589	0.1063	0.4348	0.0000
0.0048	0.0000	0.0000	0.9952
0.0048	0.9952	0.0000	0.0000
1.0000	0.0000	0.0000	0.0000
0.0097	0.2029	0.1063	0.6812
0.1498	0.5024	0.1014	0.2464
0.2754	0.3140	0.2029	0.2077
0.1546	0.3430	0.2512	0.2512
URL none

MOTIF MAZ
letter-probability matrix: alength= 4 w= 29 nsites= 493
0.1582	0.3976	0.1968	0.2475
0.1907	0.3895	0.2414	0.1785
0.1339	0.5558	0.1400	0.1704
0.1278	0.3813	0.1907	0.3002
0.1136	0.4118	0.2779	0.1968
0.0527	0.7606	0.0811	0.1055
0.0771	0.6430	0.0730	0.2069
0.0710	0.6978	0.1014	0.1298
0.0872	0.6653	0.0933	0.1542
0.0994	0.4564	0.1034	0.3408
0.0020	0.9026	0.0507	0.0446
0.0122	0.9290	0.0304	0.0284
0.0122	0.9533	0.0162	0.0183
0.0507	0.4990	0.2414	0.2089
0.0345	0.7931	0.0730	0.0994
0.0994	0.7444	0.0406	0.1156
0.0933	0.7039	0.0832	0.1197
0.0974	0.6227	0.1055	0.1744
0.1156	0.5132	0.2089	0.1623
0.1258	0.5355	0.1359	0.2028
0.1602	0.4828	0.1907	0.1663
0.1623	0.4564	0.2292	0.1521
0.1602	0.5112	0.1460	0.1826
0.1501	0.3164	0.3509	0.1826
0.1240	0.5041	0.2175	0.1545
0.1805	0.2941	0.2799	0.2454
0.1298	0.4544	0.2170	0.1988
0.2089	0.3408	0.2373	0.2130
0.1744	0.3266	0.2819	0.2170
URL none

MOTIF AP-1
letter-probability matrix: alength= 4 w= 11 nsites= 2965
0.2641	0.1609	0.3828	0.1922
0.3645	0.3645	0.2444	0.0266
0.0010	0.0017	0.0000	0.9973
0.0007	0.0007	0.9535	0.0452
0.9882	0.0020	0.0027	0.0071
0.0388	0.0546	0.8540	0.0526
0.0000	0.0000	0.0003	0.9997
0.0442	0.9538	0.0020	0.0000
0.9983	0.0000	0.0013	0.0003
0.0098	0.3463	0.3068	0.3372
0.1952	0.3921	0.1743	0.2384
URL none

MOTIF BHLH(CAGMTG)
letter-probability matrix: alength= 4 w= 11 nsites= 9741
0.2363	0.2358	0.2653	0.2626
0.2562	0.2757	0.3210	0.1471
0.2302	0.5086	0.1491	0.1122
0.0329	0.9469	0.0133	0.0069
0.9508	0.0078	0.0088	0.0325
0.0098	0.0067	0.5175	0.4661
0.0759	0.9102	0.0091	0.0048
0.0225	0.0102	0.0037	0.9637
0.0010	0.0002	0.9975	0.0012
0.0561	0.4478	0.2030	0.2931
0.1204	0.3154	0.1477	0.4165
URL none

MOTIF YY1
letter-probability matrix: alength= 4 w= 19 nsites= 403
0.2556	0.2556	0.2730	0.2159
0.1663	0.4442	0.2258	0.1638
0.1687	0.5633	0.1811	0.0868
0.9280	0.0050	0.0620	0.0050
0.9132	0.0248	0.0099	0.0521
0.2114	0.2289	0.5000	0.0597
0.9950	0.0025	0.0025	0.0000
0.0025	0.0050	0.0025	0.9901
0.0050	0.0025	0.9901	0.0025
0.0099	0.0000	0.9826	0.0074
0.0099	0.9826	0.0025	0.0050
0.0248	0.1166	0.7866	0.0720
0.0596	0.1216	0.7767	0.0422
0.1070	0.7811	0.0473	0.0647
0.0968	0.3846	0.3672	0.1514
0.1365	0.3102	0.4069	0.1464
0.1169	0.5348	0.1940	0.1542
0.1266	0.3945	0.3375	0.1414
0.2382	0.2159	0.3995	0.1464
URL none

MOTIF BHLH(CACGTGAC)
letter-probability matrix: alength= 4 w= 12 nsites= 1182
0.1760	0.2766	0.4010	0.1464
0.2261	0.2159	0.4183	0.1397
0.1804	0.0474	0.7705	0.0017
0.0169	0.0694	0.0093	0.9044
0.0008	0.9924	0.0059	0.0008
0.9890	0.0008	0.0059	0.0042
0.0000	0.9898	0.0017	0.0085
0.0279	0.0017	0.9704	0.0000
0.0279	0.0313	0.0144	0.9264
0.0127	0.0034	0.9763	0.0076
0.3342	0.1506	0.4382	0.0770
0.0888	0.3909	0.2792	0.2411
URL none

MOTIF CREB
letter-probability matrix: alength= 4 w= 13 nsites= 3048
0.2146	0.2241	0.3510	0.2103
0.2382	0.3274	0.2989	0.1355
0.0781	0.1732	0.1224	0.6263
0.0456	0.1076	0.4226	0.4242
0.6273	0.0233	0.3084	0.0410
0.0010	0.9806	0.0056	0.0128
0.0056	0.0007	0.9938	0.0000
0.0171	0.0200	0.0026	0.9603
0.1329	0.8291	0.0325	0.0056
0.9875	0.0013	0.0089	0.0023
0.0472	0.4875	0.2060	0.2592
0.1821	0.3504	0.1893	0.2782
0.2313	0.2257	0.3379	0.2051
URL none

MOTIF RFX/2
letter-probability matrix: alength= 4 w= 17 nsites= 215
0.1256	0.3860	0.1535	0.3349
0.1395	0.1395	0.3721	0.3488
0.0326	0.0047	0.9209	0.0419
0.0000	0.0884	0.0047	0.9070
0.0698	0.1767	0.0140	0.7395
0.1023	0.0651	0.6372	0.1953
0.0000	0.9814	0.0047	0.0140
0.0465	0.5860	0.0093	0.3581
0.1116	0.0419	0.0326	0.8140
0.6651	0.0047	0.3256	0.0047
0.0000	0.0000	1.0000	0.0000
0.0233	0.9116	0.0047	0.0605
0.9302	0.0000	0.0326	0.0372
0.9907	0.0000	0.0093	0.0000
0.0000	1.0000	0.0000	0.0000
0.3442	0.3488	0.1860	0.1209
0.3209	0.1674	0.4000	0.1116
URL none

MOTIF ETS
letter-probability matrix: alength= 4 w= 13 nsites= 1994
0.3220	0.2237	0.2879	0.1665
0.3104	0.2462	0.3561	0.0873
0.0582	0.7392	0.1951	0.0075
0.0055	0.9910	0.0025	0.0010
0.0010	0.0000	0.9985	0.0005
0.0050	0.0020	0.9824	0.0105
0.9764	0.0060	0.0130	0.0045
0.9604	0.0080	0.0035	0.0281
0.1810	0.0622	0.7357	0.0211
0.0687	0.2698	0.0627	0.5988
0.1730	0.1560	0.5542	0.1169
0.2568	0.2768	0.3796	0.0868
0.1911	0.3897	0.2618	0.1575
URL none

MOTIF KAISO
letter-probability matrix: alength= 4 w= 14 nsites= 283
0.3145	0.1767	0.4134	0.0954
0.2711	0.2782	0.1866	0.2641
0.0352	0.1408	0.0669	0.7570
0.0954	0.8622	0.0212	0.0212
0.0283	0.0530	0.0459	0.8728
0.0070	0.9859	0.0035	0.0035
0.0106	0.0070	0.9613	0.0211
0.0000	0.9965	0.0000	0.0035
0.0000	0.0000	1.0000	0.0000
0.7809	0.1166	0.0565	0.0459
0.0212	0.0707	0.7491	0.1590
0.8063	0.0528	0.1127	0.0282
0.2007	0.2746	0.2254	0.2993
0.1338	0.3310	0.1620	0.3732
URL none

MOTIF NRF
letter-probability matrix: alength= 4 w= 14 nsites= 2528
0.1262	0.3410	0.3655	0.1673
0.1282	0.3383	0.1785	0.3550
0.0858	0.0566	0.8279	0.0297
0.0320	0.9363	0.0127	0.0190
0.0142	0.0079	0.9735	0.0044
0.0277	0.8568	0.0645	0.0510
0.3031	0.2659	0.3004	0.1306
0.0740	0.2547	0.1167	0.5546
0.0617	0.1163	0.7559	0.0661
0.0653	0.8165	0.0494	0.0688
0.0558	0.0696	0.7836	0.0910
0.0518	0.7607	0.0763	0.1112
0.2812	0.2049	0.3865	0.1274
0.1428	0.3560	0.3552	0.1460
URL none

MOTIF EBF
letter-probability matrix: alength= 4 w= 14 nsites= 3149
0.3423	0.1146	0.2941	0.2490
0.1476	0.2349	0.3451	0.2724
0.0673	0.3426	0.0651	0.5249
0.0025	0.9927	0.0032	0.0016
0.0435	0.4902	0.0019	0.4644
0.0216	0.8930	0.0044	0.0810
0.2587	0.3254	0.0283	0.3876
0.3909	0.0299	0.3010	0.2782
0.0568	0.0019	0.9286	0.0127
0.0644	0.0006	0.9283	0.0067
0.0029	0.0044	0.9908	0.0019
0.8333	0.0435	0.1032	0.0200
0.3146	0.2816	0.2371	0.1667
0.2613	0.2213	0.1067	0.4108
URL none

MOTIF TFAP
letter-probability matrix: alength= 4 w= 16 nsites= 4467
0.2982	0.2198	0.1755	0.3065
0.3365	0.1954	0.1710	0.2971
0.2015	0.1583	0.1408	0.4994
0.2471	0.1448	0.3172	0.2908
0.0358	0.5229	0.3933	0.0479
0.0004	0.9946	0.0007	0.0043
0.0067	0.6732	0.0018	0.3183
0.0979	0.2841	0.1046	0.5134
0.1923	0.3607	0.3032	0.1438
0.6826	0.0425	0.2053	0.0696
0.0904	0.0004	0.9051	0.0040
0.0009	0.0004	0.9984	0.0002
0.0231	0.8502	0.1126	0.0141
0.4802	0.1090	0.0531	0.3577
0.3794	0.1446	0.2814	0.1945
0.2944	0.1820	0.1782	0.3454
URL none

MOTIF NR
letter-probability matrix: alength= 4 w= 14 nsites= 4997
0.3090	0.1823	0.2722	0.2365
0.3928	0.1043	0.1753	0.3276
0.7649	0.0464	0.0538	0.1349
0.5569	0.0348	0.0458	0.3624
0.1473	0.3897	0.2072	0.2558
0.1899	0.1049	0.1139	0.5914
0.7707	0.0026	0.2235	0.0032
0.0030	0.0012	0.9838	0.0120
0.0338	0.0078	0.9474	0.0110
0.1231	0.0877	0.1397	0.6496
0.0022	0.9764	0.0010	0.0204
0.9652	0.0016	0.0196	0.0136
0.1631	0.2650	0.3601	0.2118
0.2896	0.2167	0.1809	0.3128
URL none

MOTIF POU4F1
letter-probability matrix: alength= 4 w= 19 nsites= 1782
0.2694	0.2402	0.2374	0.2531
0.2233	0.3131	0.1897	0.2738
0.1918	0.1750	0.1380	0.4952
0.1795	0.4257	0.1453	0.2496
0.6708	0.1155	0.0538	0.1598
0.0039	0.0022	0.0050	0.9888
0.2888	0.1060	0.3354	0.2698
0.7688	0.1291	0.0107	0.0915
0.9097	0.0095	0.0073	0.0735
0.2748	0.0050	0.0107	0.7095
0.0628	0.0308	0.0269	0.8794
0.8979	0.0017	0.0017	0.0987
0.0107	0.0006	0.0050	0.9837
0.0337	0.0034	0.0651	0.8979
0.2407	0.2233	0.0690	0.4669
0.9916	0.0045	0.0028	0.0011
0.1722	0.0645	0.1167	0.6467
0.2681	0.1587	0.3629	0.2103
0.4481	0.1503	0.1879	0.2137
URL none

MOTIF OTX
letter-probability matrix: alength= 4 w= 13 nsites= 16248
0.3060	0.1593	0.1627	0.3720
0.3963	0.1533	0.2403	0.2101
0.4692	0.1713	0.1832	0.1763
0.2995	0.1550	0.3282	0.2174
0.3133	0.1886	0.3427	0.1554
0.2522	0.0335	0.6598	0.0544
0.0190	0.0498	0.9058	0.0254
0.8802	0.1080	0.0017	0.0102
0.0004	0.0002	0.0002	0.9991
0.0253	0.0162	0.0033	0.9552
0.8286	0.0026	0.0180	0.1508
0.3583	0.1340	0.2586	0.2492
0.3181	0.2468	0.2291	0.2060
URL none

MOTIF LHX
letter-probability matrix: alength= 4 w= 11 nsites= 7374
0.3416	0.2015	0.2135	0.2434
0.1568	0.3305	0.1188	0.3940
0.0199	0.0216	0.0053	0.9532
0.9931	0.0043	0.0023	0.0003
0.9988	0.0001	0.0004	0.0007
0.0037	0.0005	0.0005	0.9953
0.0193	0.0386	0.3903	0.5518
0.7243	0.0057	0.2413	0.0287
0.1414	0.1405	0.6195	0.0986
0.2391	0.2403	0.2638	0.2567
0.2539	0.2240	0.2171	0.3050
URL none

MOTIF OTX:-1:OTX
letter-probability matrix: alength= 4 w= 15 nsites= 4378
0.2156	0.2483	0.2999	0.2362
0.2012	0.2988	0.1626	0.3374
0.1462	0.0423	0.0274	0.7841
0.8680	0.0190	0.0605	0.0525
0.9701	0.0071	0.0137	0.0091
0.0742	0.0240	0.5790	0.3228
0.3707	0.3287	0.1466	0.1540
0.4445	0.0626	0.3892	0.1037
0.0139	0.0244	0.9363	0.0254
0.6524	0.3125	0.0171	0.0180
0.0032	0.0043	0.0007	0.9918
0.0507	0.0868	0.0160	0.8465
0.7386	0.0244	0.0560	0.1809
0.3164	0.1763	0.2857	0.2216
0.2664	0.2547	0.2776	0.2013
URL none

MOTIF BHLH(CAGCTGC)
letter-probability matrix: alength= 4 w= 14 nsites= 404
0.2500	0.2970	0.2822	0.1708
0.3309	0.1654	0.3333	0.1704
0.2173	0.2025	0.4667	0.1136
0.0619	0.8738	0.0322	0.0322
0.7160	0.0667	0.0469	0.1704
0.0198	0.0025	0.8963	0.0815
0.0025	0.9852	0.0074	0.0049
0.2247	0.0420	0.0099	0.7235
0.0000	0.0000	0.9975	0.0025
0.0223	0.9381	0.0074	0.0322
0.0938	0.2667	0.0444	0.5951
0.1185	0.0938	0.6296	0.1580
0.1877	0.4173	0.1654	0.2296
0.2637	0.2637	0.1841	0.2886
URL none

MOTIF LHX:LHX
letter-probability matrix: alength= 4 w= 19 nsites= 223
0.2511	0.2646	0.2422	0.2422
0.2018	0.3453	0.1749	0.2780
0.1390	0.1839	0.0673	0.6099
0.6099	0.1839	0.0987	0.1076
0.8879	0.0359	0.0135	0.0628
0.0897	0.0179	0.0359	0.8565
0.0269	0.0538	0.1076	0.8117
0.6682	0.0538	0.1525	0.1256
0.3198	0.1892	0.2793	0.2117
0.3229	0.1704	0.2108	0.2960
0.1532	0.3604	0.2297	0.2568
0.0314	0.1390	0.0000	0.8296
0.9552	0.0314	0.0000	0.0135
0.9955	0.0000	0.0000	0.0045
0.0000	0.0000	0.0000	1.0000
0.0045	0.0359	0.0583	0.9013
0.7668	0.0045	0.1973	0.0314
0.2377	0.2422	0.3632	0.1570
0.2646	0.2018	0.2466	0.2870
URL none

MOTIF ONECUT
letter-probability matrix: alength= 4 w= 13 nsites= 2397
0.4310	0.1606	0.2545	0.1539
0.3710	0.2558	0.2129	0.1603
0.5438	0.1644	0.1511	0.1407
0.6675	0.0417	0.2612	0.0296
0.8436	0.0196	0.0951	0.0417
0.0008	0.0013	0.0017	0.9962
0.0000	0.9987	0.0004	0.0008
0.9212	0.0367	0.0075	0.0346
0.9612	0.0050	0.0025	0.0313
0.0046	0.0046	0.0013	0.9896
0.5094	0.0893	0.2078	0.1936
0.3062	0.2315	0.1882	0.2741
0.2567	0.2513	0.2012	0.2909
URL none

MOTIF OTX:3:OTX
letter-probability matrix: alength= 4 w= 19 nsites= 506
0.2984	0.1324	0.3893	0.1798
0.3261	0.1680	0.3775	0.1285
0.2510	0.0296	0.6383	0.0810
0.0653	0.0554	0.8178	0.0614
0.6502	0.3024	0.0099	0.0375
0.0020	0.0020	0.0000	0.9960
0.0812	0.0812	0.0059	0.8317
0.8478	0.0099	0.0375	0.1047
0.3103	0.0949	0.3518	0.2431
0.3557	0.1838	0.3142	0.1462
0.2787	0.1601	0.4249	0.1364
0.3004	0.0237	0.5988	0.0771
0.0534	0.0198	0.8557	0.0711
0.7549	0.2352	0.0000	0.0099
0.0000	0.0020	0.0000	0.9980
0.0613	0.0474	0.0059	0.8854
0.9071	0.0000	0.0138	0.0791
0.3656	0.1660	0.2806	0.1877
0.2925	0.2490	0.3043	0.1542
URL none

MOTIF NFIL
letter-probability matrix: alength= 4 w= 12 nsites= 2005
0.2564	0.1481	0.2499	0.3456
0.2898	0.2224	0.3741	0.1137
0.0000	0.0025	0.0015	0.9960
0.0000	0.0015	0.0100	0.9885
0.8847	0.0005	0.0813	0.0334
0.0025	0.6963	0.0055	0.2958
0.9401	0.0035	0.0549	0.0015
0.0030	0.0170	0.0005	0.9795
0.9790	0.0205	0.0005	0.0000
0.9950	0.0000	0.0025	0.0025
0.1032	0.3711	0.2234	0.3022
0.3262	0.2903	0.1441	0.2394
URL none

MOTIF NFI(HALF)
letter-probability matrix: alength= 4 w= 11 nsites= 1472
0.3125	0.1094	0.2194	0.3587
0.0823	0.2413	0.2549	0.4215
0.0312	0.6073	0.0129	0.3485
0.0469	0.0156	0.0068	0.9307
0.0041	0.0027	0.9857	0.0075
0.0265	0.0448	0.9001	0.0285
0.0170	0.9803	0.0014	0.0014
0.7819	0.0115	0.0027	0.2038
0.1183	0.1652	0.6295	0.0870
0.3501	0.2298	0.2549	0.1652
0.2629	0.3200	0.2751	0.1420
URL none

MOTIF OTX:4:OTX
letter-probability matrix: alength= 4 w= 19 nsites= 1268
0.2705	0.1861	0.3951	0.1483
0.4022	0.0686	0.3715	0.1577
0.0828	0.0560	0.7792	0.0820
0.6215	0.2500	0.0394	0.0891
0.0150	0.0071	0.0055	0.9724
0.1830	0.0591	0.0315	0.7263
0.8872	0.0047	0.0213	0.0868
0.2831	0.0946	0.2752	0.3470
0.2744	0.4424	0.1435	0.1396
0.2429	0.3778	0.1845	0.1948
0.2350	0.1664	0.2863	0.3123
0.2634	0.0300	0.6293	0.0773
0.0623	0.0292	0.8423	0.0662
0.7792	0.1798	0.0087	0.0323
0.0055	0.0039	0.0024	0.9882
0.0860	0.0371	0.0118	0.8651
0.8730	0.0032	0.0189	0.1049
0.2839	0.1262	0.2524	0.3375
0.2153	0.4093	0.2058	0.1696
URL none

MOTIF OTX:0:OTX
letter-probability matrix: alength= 4 w= 17 nsites= 358
0.3073	0.2067	0.2514	0.2346
0.2073	0.1877	0.3389	0.2661
0.1681	0.2633	0.1120	0.4566
0.1453	0.0279	0.0028	0.8240
0.8799	0.0112	0.0531	0.0559
0.9972	0.0000	0.0028	0.0000
0.0782	0.0112	0.5223	0.3883
0.2213	0.4902	0.1232	0.1653
0.3603	0.3547	0.0922	0.1927
0.1844	0.0279	0.6788	0.1089
0.0307	0.0307	0.8603	0.0782
0.7318	0.2318	0.0028	0.0335
0.0000	0.0000	0.0000	1.0000
0.0698	0.0615	0.0084	0.8603
0.8771	0.0000	0.0168	0.1061
0.4106	0.1061	0.2989	0.1844
0.2235	0.3268	0.2570	0.1927
URL none

MOTIF OTX:2:OTX
letter-probability matrix: alength= 4 w= 18 nsites= 783
0.3040	0.1571	0.2810	0.2580
0.2580	0.2107	0.3653	0.1660
0.2771	0.0434	0.4994	0.1801
0.0983	0.0536	0.7190	0.1290
0.6003	0.3346	0.0294	0.0358
0.0013	0.0000	0.0026	0.9962
0.0677	0.0626	0.0064	0.8633
0.9374	0.0000	0.0089	0.0536
0.4713	0.0779	0.2503	0.2005
0.3078	0.1711	0.4189	0.1022
0.3384	0.0473	0.5109	0.1034
0.0563	0.0179	0.8542	0.0716
0.6360	0.3295	0.0077	0.0268
0.0013	0.0013	0.0000	0.9974
0.0613	0.0587	0.0013	0.8787
0.8557	0.0051	0.0281	0.1111
0.3627	0.1226	0.3167	0.1980
0.2510	0.2279	0.2971	0.2241
URL none

MOTIF HOMEOBOX:TAAGC
letter-probability matrix: alength= 4 w= 13 nsites= 1421
0.2245	0.1703	0.3096	0.2956
0.2808	0.3160	0.1351	0.2681
0.3256	0.0028	0.0028	0.6688
0.9662	0.0035	0.0176	0.0127
0.9937	0.0000	0.0014	0.0049
0.0014	0.0014	0.9775	0.0197
0.0007	0.9958	0.0035	0.0000
0.0710	0.1864	0.0113	0.7314
0.0880	0.2808	0.3357	0.2956
0.1626	0.2576	0.0943	0.4856
0.1266	0.2018	0.1224	0.5492
0.2440	0.2018	0.1484	0.4058
0.3453	0.1885	0.2286	0.2377
URL none

MOTIF HOMEOBOX:MEIS
letter-probability matrix: alength= 4 w= 24 nsites= 5906
0.2645	0.1602	0.1776	0.3977
0.2447	0.1506	0.3499	0.2549
0.4551	0.1302	0.2115	0.2032
0.3297	0.1944	0.2057	0.2702
0.3185	0.1766	0.2492	0.2557
0.2187	0.2800	0.1838	0.3176
0.2409	0.0572	0.0979	0.6040
0.5577	0.0611	0.2392	0.1419
0.9026	0.0362	0.0310	0.0301
0.1256	0.1448	0.0799	0.6497
0.1991	0.1871	0.2105	0.4033
0.2848	0.2426	0.1878	0.2848
0.3888	0.1287	0.3525	0.1300
0.5002	0.1282	0.1256	0.2460
0.2899	0.1456	0.1707	0.3937
0.1962	0.3310	0.2545	0.2183
0.1089	0.0149	0.0300	0.8463
0.0030	0.0020	0.9946	0.0003
0.8412	0.0086	0.0782	0.0720
0.0295	0.9502	0.0029	0.0174
0.9079	0.0085	0.0276	0.0560
0.1383	0.0931	0.5305	0.2381
0.2308	0.2697	0.2604	0.2391
0.2377	0.2076	0.1539	0.4008
URL none

