MEME version 4

ALPHABET= ACGT

strands: + -

Background letter frequencies
A 0.25 C 0.25 G 0.25 T 0.25

MOTIF NFY
letter-probability matrix: alength= 4 w= 15 nsites= 581
0.1842	0.1721	0.2513	0.3924
0.1362	0.4362	0.0793	0.3483
0.0327	0.4561	0.0413	0.4699
0.0654	0.4131	0.3201	0.2014
0.9845	0.0017	0.0069	0.0069
0.0069	0.0017	0.0000	0.9914
0.0327	0.0000	0.0602	0.9071
0.0034	0.0000	0.9966	0.0000
0.1170	0.0017	0.8589	0.0224
0.0912	0.1893	0.0895	0.6299
0.0396	0.5404	0.1807	0.2392
0.3649	0.2909	0.2031	0.1411
0.5336	0.0998	0.1790	0.1876
0.2324	0.1807	0.1515	0.4355
0.1966	0.2034	0.2569	0.3431
URL none

MOTIF OTX
letter-probability matrix: alength= 4 w= 13 nsites= 255
0.2196	0.2235	0.2431	0.3137
0.2706	0.2353	0.1843	0.3098
0.1725	0.0314	0.0078	0.7882
0.9137	0.0118	0.0275	0.0471
0.9922	0.0039	0.0039	0.0000
0.0235	0.0000	0.1176	0.8588
0.0784	0.8510	0.0627	0.0078
0.0588	0.6392	0.0510	0.2510
0.1725	0.4078	0.1176	0.3020
0.2000	0.3765	0.0980	0.3255
0.2471	0.1686	0.1333	0.4510
0.2784	0.1569	0.1373	0.4275
0.4078	0.1137	0.2157	0.2627
URL none

MOTIF MYT1L
letter-probability matrix: alength= 4 w= 16 nsites= 115
0.2783	0.2783	0.1391	0.3043
0.4087	0.3217	0.1739	0.0957
0.6522	0.0783	0.2087	0.0609
0.9739	0.0174	0.0087	0.0000
0.9739	0.0000	0.0174	0.0087
0.0087	0.0696	0.9217	0.0000
0.0000	0.0000	0.0174	0.9826
0.0087	0.0087	0.0087	0.9739
0.0000	0.2000	0.1217	0.6783
0.1391	0.1565	0.3130	0.3913
0.3043	0.1739	0.3565	0.1652
0.2609	0.2261	0.3304	0.1826
0.5130	0.1739	0.2000	0.1130
0.4957	0.2087	0.1565	0.1391
0.3739	0.1913	0.2522	0.1826
0.2174	0.2174	0.2087	0.3565
URL none

MOTIF MAYBE:ZNF692(tGG.CCCa)
letter-probability matrix: alength= 4 w= 14 nsites= 135
0.1778	0.2000	0.3556	0.2667
0.3407	0.1111	0.3037	0.2444
0.1556	0.0593	0.3185	0.4667
0.1556	0.0444	0.7407	0.0593
0.1556	0.0444	0.7778	0.0222
0.3852	0.2296	0.2000	0.1852
0.1037	0.7556	0.0444	0.0963
0.0889	0.8148	0.0370	0.0593
0.0889	0.8370	0.0222	0.0519
0.4444	0.4222	0.0296	0.1037
0.2444	0.4444	0.0741	0.2370
0.1778	0.4519	0.1037	0.2667
0.3259	0.3259	0.1852	0.1630
0.4222	0.2222	0.1185	0.2370
URL none

MOTIF SNAI
letter-probability matrix: alength= 4 w= 10 nsites= 789
0.1356	0.3131	0.2307	0.3207
0.2094	0.3794	0.3236	0.0876
0.1141	0.7681	0.0760	0.0418
0.9784	0.0013	0.0089	0.0114
0.0013	0.0000	0.9924	0.0064
0.0139	0.0000	0.9861	0.0000
0.0000	0.0000	0.0000	1.0000
0.1179	0.0165	0.8492	0.0165
0.2408	0.2218	0.3169	0.2205
0.1838	0.2053	0.4423	0.1686
URL none

MOTIF ZBTB7
letter-probability matrix: alength= 4 w= 12 nsites= 245
0.2490	0.1959	0.3714	0.1837
0.2683	0.1179	0.3455	0.2683
0.5122	0.0285	0.4024	0.0569
0.0203	0.0203	0.9187	0.0407
0.7724	0.1748	0.0244	0.0285
0.0000	1.0000	0.0000	0.0000
0.0041	0.9919	0.0000	0.0041
0.1504	0.8211	0.0000	0.0285
0.0813	0.6545	0.0000	0.2642
0.2490	0.4612	0.1102	0.1796
0.2764	0.2398	0.2439	0.2398
0.2490	0.2653	0.2653	0.2204
URL none

MOTIF MAYBE:ZBTB7-ALT(tGGTGG)
letter-probability matrix: alength= 4 w= 14 nsites= 168
0.2321	0.3095	0.2143	0.2440
0.3274	0.1667	0.2202	0.2857
0.1905	0.0179	0.2024	0.5893
0.0298	0.0179	0.9464	0.0060
0.0655	0.0000	0.9048	0.0298
0.0298	0.0000	0.0357	0.9345
0.0119	0.0060	0.9821	0.0000
0.0119	0.0000	0.9821	0.0060
0.0952	0.0357	0.4405	0.4286
0.1607	0.5476	0.1488	0.1429
0.1557	0.4132	0.0838	0.3473
0.1377	0.4790	0.0838	0.2994
0.3214	0.2619	0.0893	0.3274
0.2500	0.2321	0.2560	0.2619
URL none

MOTIF UNKNOWN:ZNF
letter-probability matrix: alength= 4 w= 30 nsites= 134
0.0746	0.4851	0.2090	0.2313
0.4478	0.3358	0.1642	0.0522
0.6418	0.0373	0.2985	0.0224
0.1493	0.2015	0.1194	0.5299
0.0746	0.4552	0.2388	0.2313
0.8647	0.0150	0.0827	0.0376
0.2463	0.0373	0.7015	0.0149
0.5000	0.0224	0.1791	0.2985
0.0075	0.0224	0.0224	0.9478
0.0224	0.9552	0.0075	0.0149
0.0000	0.0373	0.0000	0.9627
0.0000	0.9776	0.0075	0.0149
0.9179	0.0000	0.0672	0.0149
0.0075	0.3060	0.0299	0.6567
0.1716	0.0000	0.8209	0.0075
0.9254	0.0149	0.0448	0.0149
0.0373	0.0000	0.9328	0.0299
0.9701	0.0075	0.0075	0.0149
0.4403	0.0821	0.0522	0.4254
0.0224	0.8507	0.0224	0.1045
0.0746	0.0522	0.0224	0.8507
0.1493	0.3507	0.4627	0.0373
0.7164	0.0896	0.1194	0.0746
0.0821	0.3358	0.0373	0.5448
0.0746	0.1343	0.4030	0.3881
0.2090	0.2836	0.4552	0.0522
0.2836	0.1119	0.0821	0.5224
0.0299	0.3284	0.0821	0.5597
0.2090	0.0522	0.0746	0.6642
0.3582	0.0896	0.0970	0.4552
URL none

MOTIF UNKNOWN(AT-RICH)
letter-probability matrix: alength= 4 w= 20 nsites= 128
0.3359	0.1953	0.1484	0.3203
0.3750	0.1406	0.1562	0.3281
0.1953	0.1641	0.0703	0.5703
0.2734	0.1484	0.1172	0.4609
0.0859	0.0703	0.0703	0.7734
0.1406	0.4922	0.0547	0.3125
0.1406	0.1328	0.0391	0.6875
0.1094	0.1484	0.0625	0.6797
0.2031	0.3359	0.2109	0.2500
0.5469	0.1250	0.1172	0.2109
0.3047	0.1094	0.1016	0.4844
0.4844	0.1016	0.0703	0.3438
0.1641	0.1328	0.0547	0.6484
0.1875	0.2031	0.0312	0.5781
0.1328	0.1953	0.0234	0.6484
0.1484	0.2734	0.0625	0.5156
0.2109	0.1719	0.1406	0.4766
0.2188	0.1719	0.1094	0.5000
0.3438	0.2344	0.1641	0.2578
0.2266	0.2031	0.2109	0.3594
URL none

MOTIF UNKNOWN(ttCTTga)
letter-probability matrix: alength= 4 w= 11 nsites= 159
0.2830	0.3082	0.1447	0.2642
0.1266	0.4177	0.1076	0.3481
0.2075	0.0314	0.1384	0.6226
0.0506	0.2468	0.0000	0.7025
0.0063	0.9874	0.0000	0.0063
0.0629	0.0063	0.0000	0.9308
0.0000	0.0503	0.0063	0.9434
0.0629	0.2013	0.6981	0.0377
0.5912	0.0314	0.3270	0.0503
0.3924	0.1899	0.1772	0.2405
0.2516	0.1572	0.3836	0.2075
URL none

MOTIF UNKNOWN(ATAT)
letter-probability matrix: alength= 4 w= 13 nsites= 190
0.2842	0.2526	0.1737	0.2895
0.4158	0.1789	0.1000	0.3053
0.1852	0.1429	0.1323	0.5397
0.2857	0.3280	0.1323	0.2540
0.0847	0.3757	0.1429	0.3968
0.8421	0.0316	0.0789	0.0474
0.0053	0.0105	0.0105	0.9737
0.9632	0.0105	0.0158	0.0105
0.0688	0.0688	0.1534	0.7090
0.4053	0.1632	0.3158	0.1158
0.2158	0.0947	0.2211	0.4684
0.2158	0.2421	0.1842	0.3579
0.3105	0.2211	0.1632	0.3053
URL none

