MEME version 4

ALPHABET= ACGT

strands: + -

Background letter frequencies
A 0.25 C 0.25 G 0.25 T 0.25

MOTIF Average_125
letter-probability matrix: alength= 4 w= 12 nsites= 200
0.1120	0.0787	0.4648	0.3446
0.0393	0.8021	0.0276	0.1310
0.0025	0.0192	0.0032	0.9751
0.9718	0.0032	0.0049	0.0201
0.0856	0.0027	0.0017	0.9099
0.1207	0.0047	0.0044	0.8702
0.0603	0.0187	0.0014	0.9197
0.2891	0.0326	0.0030	0.6753
0.0993	0.0289	0.0306	0.8411
0.8423	0.0033	0.1476	0.0068
0.1236	0.0282	0.7451	0.1031
0.3190	0.4433	0.0778	0.1599
URL none

