MEME version 4

ALPHABET= ACGT

strands: + -

Background letter frequencies
A 0.25 C 0.25 G 0.25 T 0.25

MOTIF Average_206
letter-probability matrix: alength= 4 w= 13 nsites= 200
0.3366	0.1683	0.4255	0.0696
0.0270	0.9363	0.0154	0.0212
0.0193	0.0097	0.9556	0.0154
0.0541	0.1834	0.1892	0.5734
0.1257	0.6615	0.1451	0.0677
0.8275	0.0426	0.0756	0.0543
0.0194	0.7984	0.0562	0.1260
0.0386	0.0270	0.0772	0.8571
0.0193	0.0212	0.0463	0.9131
0.0271	0.9226	0.0309	0.0193
0.0039	0.9884	0.0019	0.0058
0.0058	0.0212	0.9131	0.0598
0.0251	0.2901	0.5957	0.0890
URL none

