MEME version 4

ALPHABET= ACGT

strands: + -

Background letter frequencies
A 0.25 C 0.25 G 0.25 T 0.25

MOTIF Average_238
letter-probability matrix: alength= 4 w= 13 nsites= 200
0.0982	0.3023	0.1266	0.4729
0.1517	0.5870	0.0755	0.1857
0.8066	0.0216	0.1096	0.0622
0.0043	0.7323	0.1942	0.0693
0.0094	0.0003	0.0000	0.9903
0.0003	0.0000	0.0000	0.9997
0.0014	0.9833	0.0000	0.0153
0.0031	0.9560	0.0009	0.0400
0.0119	0.2793	0.0897	0.6191
0.0187	0.6277	0.1673	0.1863
0.2203	0.1232	0.0395	0.6170
0.1334	0.0653	0.0488	0.7525
0.1448	0.1684	0.0713	0.6156
URL none

