MEME version 4

ALPHABET= ACGT

strands: + -

Background letter frequencies
A 0.25 C 0.25 G 0.25 T 0.25

MOTIF Average_194
letter-probability matrix: alength= 4 w= 14 nsites= 200
0.1570	0.0313	0.0066	0.8050
0.8842	0.0091	0.0511	0.0556
0.9971	0.0000	0.0012	0.0016
0.0214	0.0033	0.2622	0.7131
0.0627	0.8812	0.0210	0.0351
0.0911	0.5692	0.0297	0.3100
0.1253	0.3982	0.1356	0.3409
0.1937	0.2498	0.0684	0.4880
0.0952	0.0185	0.0012	0.8850
0.8454	0.0190	0.0577	0.0779
0.9946	0.0012	0.0008	0.0033
0.0293	0.0181	0.2627	0.6899
0.0998	0.7873	0.0491	0.0639
0.1282	0.5449	0.0363	0.2906
URL none

