MEME version 4

ALPHABET= ACGT

strands: + -

Background letter frequencies
A 0.25 C 0.25 G 0.25 T 0.25

MOTIF Average_234
letter-probability matrix: alength= 4 w= 16 nsites= 200
0.4253	0.0730	0.3636	0.1381
0.0881	0.0623	0.7607	0.0889
0.6519	0.2030	0.0564	0.0886
0.0344	0.0320	0.0146	0.9189
0.1632	0.0512	0.0228	0.7627
0.8951	0.0051	0.0220	0.0778
0.3537	0.0710	0.2154	0.3599
0.2352	0.4444	0.1756	0.1447
0.2345	0.4138	0.1646	0.1871
0.2399	0.1678	0.2616	0.3307
0.2409	0.0358	0.6466	0.0767
0.0474	0.0336	0.8498	0.0691
0.7949	0.1520	0.0154	0.0377
0.0079	0.0062	0.0054	0.9805
0.0959	0.0453	0.0157	0.8431
0.8843	0.0049	0.0214	0.0894
URL none

