MEME version 4

ALPHABET= ACGT

strands: + -

Background letter frequencies
A 0.25 C 0.25 G 0.25 T 0.25

MOTIF Average_232
letter-probability matrix: alength= 4 w= 25 nsites= 200
0.0619	0.2082	0.6591	0.0708
0.0726	0.7725	0.0681	0.0869
0.3236	0.1086	0.4874	0.0804
0.2502	0.1917	0.4630	0.0951
0.2251	0.0690	0.4622	0.2437
0.0343	0.0290	0.8998	0.0370
0.0865	0.6416	0.2128	0.0590
0.4499	0.3764	0.0732	0.1005
0.0235	0.2561	0.0582	0.6622
0.0384	0.2244	0.4220	0.3152
0.1049	0.7220	0.0804	0.0927
0.0092	0.2479	0.0084	0.7346
0.0053	0.0029	0.9881	0.0037
0.0021	0.0027	0.9937	0.0014
0.0212	0.0034	0.9628	0.0125
0.8801	0.0330	0.0536	0.0333
0.4215	0.1396	0.3401	0.0988
0.2819	0.1159	0.1168	0.4854
0.0378	0.1134	0.0759	0.7728
0.0283	0.0240	0.9292	0.0185
0.0388	0.0631	0.0890	0.8091
0.8711	0.0264	0.0843	0.0182
0.0676	0.0652	0.8004	0.0669
0.0627	0.0687	0.0824	0.7862
0.0776	0.4374	0.0956	0.3894
URL none

