MEME version 4

ALPHABET= ACGT

strands: + -

Background letter frequencies
A 0.25 C 0.25 G 0.25 T 0.25

MOTIF Average_138
letter-probability matrix: alength= 4 w= 16 nsites= 200
0.2738	0.0931	0.4661	0.1671
0.0915	0.7910	0.0533	0.0641
0.0118	0.9805	0.0030	0.0046
0.7627	0.0237	0.1271	0.0865
0.0376	0.6091	0.3290	0.0243
0.1455	0.4198	0.0618	0.3729
0.8750	0.0225	0.0600	0.0425
0.0082	0.0017	0.9863	0.0038
0.4514	0.0060	0.5370	0.0055
0.0275	0.0192	0.5408	0.4125
0.0107	0.0017	0.9814	0.0062
0.0160	0.0219	0.8906	0.0714
0.1133	0.7923	0.0177	0.0767
0.4603	0.0256	0.4761	0.0380
0.0796	0.5138	0.3367	0.0699
0.1165	0.3736	0.0881	0.4217
URL none

