MEME version 4

ALPHABET= ACGT

strands: + -

Background letter frequencies
A 0.25 C 0.25 G 0.25 T 0.25

MOTIF Average_213
letter-probability matrix: alength= 4 w= 17 nsites= 200
0.3510	0.0721	0.5203	0.0565
0.1961	0.1883	0.2110	0.4046
0.0190	0.2414	0.3153	0.4242
0.1778	0.6369	0.0100	0.1753
0.8750	0.0122	0.0580	0.0549
0.1571	0.3370	0.3653	0.1406
0.0050	0.0599	0.0047	0.9304
0.0328	0.2931	0.6676	0.0066
0.7683	0.0115	0.1706	0.0496
0.4228	0.1257	0.1850	0.2665
0.0140	0.5667	0.4092	0.0100
0.0262	0.2283	0.0109	0.7346
0.1609	0.0056	0.8172	0.0162
0.1229	0.0349	0.4459	0.3963
0.7004	0.0430	0.1992	0.0574
0.7830	0.0655	0.0380	0.1135
0.5981	0.0914	0.1799	0.1307
URL none

