MEME version 4

ALPHABET= ACGT

strands: + -

Background letter frequencies
A 0.25 C 0.25 G 0.25 T 0.25

MOTIF Average_193
letter-probability matrix: alength= 4 w= 15 nsites= 200
0.1268	0.0203	0.0014	0.8514
0.9094	0.0065	0.0399	0.0442
0.9978	0.0014	0.0007	0.0000
0.0145	0.0065	0.1665	0.8125
0.0457	0.8754	0.0312	0.0478
0.0703	0.6152	0.0196	0.2949
0.1427	0.4475	0.1130	0.2969
0.1478	0.3377	0.1681	0.3464
0.2390	0.2802	0.1151	0.3657
0.1477	0.0550	0.0210	0.7762
0.8188	0.0507	0.0732	0.0572
0.9971	0.0015	0.0007	0.0007
0.0268	0.0065	0.2667	0.7000
0.0581	0.8621	0.0399	0.0399
0.0717	0.6104	0.0297	0.2882
URL none

