MEME version 4

ALPHABET= ACGT

strands: + -

Background letter frequencies
A 0.25 C 0.25 G 0.25 T 0.25

MOTIF Average_236
letter-probability matrix: alength= 4 w= 16 nsites= 200
0.1484	0.0804	0.1161	0.6550
0.0827	0.3321	0.0694	0.5158
0.5093	0.3652	0.0421	0.0835
0.0847	0.2113	0.0198	0.6841
0.0146	0.0037	0.9779	0.0038
0.0217	0.7943	0.1648	0.0192
0.3191	0.1745	0.0432	0.4631
0.0423	0.2538	0.0189	0.6850
0.0255	0.4114	0.4444	0.1188
0.8062	0.0242	0.1519	0.0177
0.2306	0.3235	0.2628	0.1832
0.0788	0.0635	0.0246	0.8331
0.1711	0.0314	0.5234	0.2741
0.4516	0.2949	0.2175	0.0360
0.3462	0.2264	0.2069	0.2206
0.0790	0.4798	0.0578	0.3834
URL none

