MEME version 4

ALPHABET= ACGT

strands: + -

Background letter frequencies
A 0.25 C 0.25 G 0.25 T 0.25

MOTIF Average_137
letter-probability matrix: alength= 4 w= 16 nsites= 200
0.2572	0.0562	0.0920	0.5946
0.5453	0.0622	0.2488	0.1437
0.9005	0.0402	0.0292	0.0301
0.1352	0.1397	0.0857	0.6395
0.2019	0.1874	0.2200	0.3906
0.2688	0.2348	0.2085	0.2879
0.3791	0.1340	0.3586	0.1283
0.5047	0.1180	0.1207	0.2565
0.2839	0.1551	0.1750	0.3860
0.1776	0.3553	0.2509	0.2161
0.0974	0.0128	0.0312	0.8586
0.0023	0.0020	0.9951	0.0005
0.8579	0.0084	0.0783	0.0554
0.0230	0.9621	0.0023	0.0126
0.9054	0.0122	0.0234	0.0590
0.1268	0.0767	0.5756	0.2209
URL none

