MEME version 4

ALPHABET= ACGT

strands: + -

Background letter frequencies
A 0.25 C 0.25 G 0.25 T 0.25

MOTIF Average_165
letter-probability matrix: alength= 4 w= 16 nsites= 200
0.0933	0.4873	0.1796	0.2397
0.1221	0.2473	0.3405	0.2900
0.0214	0.0021	0.9742	0.0023
0.0012	0.0208	0.0037	0.9742
0.0293	0.1312	0.0017	0.8378
0.1321	0.0260	0.6893	0.1527
0.0015	0.9451	0.0046	0.0489
0.0015	0.8341	0.0008	0.1637
0.8719	0.0354	0.0410	0.0518
0.0813	0.0447	0.0890	0.7850
0.1015	0.0012	0.8967	0.0006
0.0832	0.0216	0.8919	0.0033
0.3113	0.4038	0.0713	0.2136
0.6359	0.0077	0.2947	0.0618
0.9116	0.0354	0.0393	0.0137
0.0168	0.8532	0.0166	0.1133
URL none

