MEME version 4

ALPHABET= ACGT

strands: + -

Background letter frequencies
A 0.25 C 0.25 G 0.25 T 0.25

MOTIF Average_186
letter-probability matrix: alength= 4 w= 15 nsites= 200
0.1598	0.5520	0.1694	0.1188
0.9267	0.0117	0.0478	0.0138
0.9291	0.0231	0.0196	0.0282
0.2172	0.1752	0.5394	0.0682
0.9652	0.0069	0.0107	0.0172
0.0062	0.0090	0.0210	0.9639
0.0086	0.0045	0.9842	0.0028
0.0103	0.0158	0.9707	0.0031
0.0076	0.9880	0.0010	0.0034
0.0121	0.0768	0.8602	0.0510
0.0588	0.1053	0.7884	0.0475
0.1046	0.8094	0.0420	0.0440
0.0858	0.3545	0.4013	0.1585
0.1284	0.3292	0.4218	0.1205
0.0954	0.5432	0.2056	0.1557
URL none

