MEME version 4

ALPHABET= ACGT

strands: + -

Background letter frequencies
A 0.25 C 0.25 G 0.25 T 0.25

MOTIF Average_205
letter-probability matrix: alength= 4 w= 23 nsites= 200
0.1242	0.5168	0.1553	0.2037
0.1391	0.3404	0.2398	0.2807
0.1106	0.3839	0.3304	0.1752
0.0783	0.7093	0.0857	0.1267
0.0845	0.5776	0.1031	0.2348
0.0845	0.6261	0.1665	0.1230
0.0634	0.7242	0.0944	0.1180
0.0697	0.5156	0.1009	0.3138
0.0050	0.9354	0.0311	0.0286
0.0099	0.9453	0.0224	0.0224
0.0261	0.7851	0.0534	0.1354
0.0385	0.6509	0.1689	0.1416
0.0261	0.8497	0.0509	0.0733
0.0932	0.7366	0.0385	0.1317
0.0883	0.6928	0.0908	0.1281
0.0870	0.6584	0.1006	0.1540
0.1342	0.4559	0.2025	0.2075
0.1318	0.5174	0.1567	0.1940
0.1530	0.4627	0.2276	0.1567
0.1416	0.4348	0.2671	0.1565
0.1677	0.4733	0.1590	0.2000
0.1404	0.3093	0.3839	0.1665
0.1333	0.4931	0.2092	0.1644
URL none

