MEME version 4

ALPHABET= ACGT

strands: + -

Background letter frequencies
A 0.25 C 0.25 G 0.25 T 0.25

MOTIF Average_187
letter-probability matrix: alength= 4 w= 14 nsites= 200
0.1400	0.2668	0.4849	0.1083
0.1704	0.3003	0.4160	0.1134
0.2990	0.2188	0.3497	0.1325
0.2101	0.1498	0.5783	0.0618
0.1295	0.0517	0.7029	0.1159
0.1654	0.0292	0.7885	0.0168
0.0114	0.0101	0.9685	0.0100
0.0063	0.0108	0.9786	0.0042
0.1133	0.8260	0.0257	0.0350
0.0070	0.0038	0.9807	0.0085
0.0112	0.0177	0.9052	0.0659
0.2024	0.0291	0.7242	0.0443
0.1057	0.0639	0.7872	0.0432
0.0946	0.7064	0.1028	0.0962
URL none

