MEME version 4

ALPHABET= ACGT

strands: + -

Background letter frequencies
A 0.25 C 0.25 G 0.25 T 0.25

MOTIF Average_180
letter-probability matrix: alength= 4 w= 15 nsites= 200
0.0483	0.4820	0.0362	0.4335
0.0438	0.0105	0.0973	0.8483
0.0045	0.0013	0.9909	0.0032
0.0107	0.0061	0.9749	0.0083
0.0826	0.8970	0.0128	0.0076
0.5211	0.1488	0.0472	0.2829
0.1616	0.2564	0.4002	0.1818
0.2479	0.2709	0.2723	0.2089
0.2233	0.2737	0.3088	0.1942
0.2732	0.1278	0.2092	0.3898
0.0587	0.0909	0.4989	0.3514
0.0481	0.8563	0.0261	0.0694
0.0309	0.9182	0.0215	0.0294
0.5405	0.3145	0.0386	0.1064
0.4828	0.0797	0.3192	0.1184
URL none

