MEME version 4

ALPHABET= ACGT

strands: + -

Background letter frequencies
A 0.25 C 0.25 G 0.25 T 0.25

MOTIF pfms_Retinalganglioncell.pattern_7.pfm
letter-probability matrix: alength= 4 w= 15 nsites= 200
0.1918	0.1750	0.1380	0.4952
0.1795	0.4257	0.1453	0.2496
0.6708	0.1155	0.0538	0.1598
0.0039	0.0022	0.0050	0.9888
0.2888	0.1060	0.3354	0.2698
0.7688	0.1291	0.0107	0.0915
0.9097	0.0095	0.0073	0.0735
0.2748	0.0050	0.0107	0.7095
0.0628	0.0308	0.0269	0.8794
0.8979	0.0017	0.0017	0.0987
0.0107	0.0006	0.0050	0.9837
0.0337	0.0034	0.0651	0.8979
0.2407	0.2233	0.0690	0.4669
0.9916	0.0045	0.0028	0.0011
0.1722	0.0645	0.1167	0.6467
URL none

