>Average_9
0.1132	0.4473	0.1099	0.3296
0.0257	0.3870	0.0313	0.5559
0.0526	0.3583	0.4289	0.1601
0.9854	0.0034	0.0045	0.0067
0.0045	0.0045	0.0000	0.9910
0.0235	0.0011	0.0470	0.9284
0.0022	0.0011	0.9933	0.0034
0.0951	0.0034	0.8747	0.0268
0.1163	0.1779	0.0705	0.6353
0.0347	0.4765	0.2159	0.2729
0.3087	0.3423	0.1902	0.1588
0.5577	0.1008	0.1781	0.1635
>pfms_Rodbipolar.pattern_0.pfm
0.1726	0.0314	0.0078	0.7882
0.9137	0.0118	0.0275	0.0471
0.9921	0.0039	0.0039	0.0000
0.0235	0.0000	0.1176	0.8588
0.0784	0.8510	0.0627	0.0078
0.0588	0.6392	0.0510	0.2510
>pfms_Horizontal.pattern_2.pfm
0.1266	0.4177	0.1076	0.3481
0.2075	0.0315	0.1384	0.6226
0.0506	0.2468	0.0000	0.7025
0.0063	0.9874	0.0000	0.0063
0.0629	0.0063	0.0000	0.9308
0.0000	0.0503	0.0063	0.9434
0.0629	0.2013	0.6981	0.0377
0.5912	0.0315	0.3270	0.0503
>pfms_Retinalganglioncell.pattern_3.pfm
0.1912	0.1691	0.1397	0.5000
0.1618	0.4412	0.0882	0.3088
0.1250	0.5588	0.1912	0.1250
0.2500	0.1471	0.1985	0.4044
0.4265	0.1985	0.1324	0.2426
0.1324	0.1177	0.2794	0.4706
0.0956	0.0588	0.3676	0.4779
0.1103	0.6250	0.0735	0.1912
0.3235	0.1765	0.3162	0.1838
0.1029	0.0368	0.7720	0.0882
0.0368	0.9338	0.0000	0.0294
0.0221	0.9485	0.0147	0.0147
0.9853	0.0000	0.0074	0.0074
0.0294	0.0147	0.0000	0.9559
0.0441	0.5515	0.2721	0.1324
0.1912	0.0221	0.1029	0.6838
0.0441	0.0147	0.0147	0.9265
0.0882	0.0515	0.7647	0.0956
0.1912	0.1985	0.5073	0.1029
>pfms_GABAamacrine.pattern_5.pfm
0.2459	0.1148	0.5492	0.0902
0.2049	0.5164	0.1148	0.1639
>pfms_Horizontal.pattern_3.pfm
0.1953	0.1641	0.0703	0.5703
0.2734	0.1484	0.1172	0.4609
0.0859	0.0703	0.0703	0.7734
0.1406	0.4922	0.0547	0.3125
0.1406	0.1328	0.0391	0.6875
0.1094	0.1484	0.0625	0.6797
0.2031	0.3359	0.2109	0.2500
0.5469	0.1250	0.1172	0.2109
0.3047	0.1094	0.1016	0.4844
0.4844	0.1016	0.0703	0.3437
0.1641	0.1328	0.0547	0.6484
0.1875	0.2031	0.0313	0.5781
0.1328	0.1953	0.0234	0.6484
0.1484	0.2734	0.0625	0.5156
0.2109	0.1719	0.1406	0.4766
0.2188	0.1719	0.1094	0.5000
>pfms_Mullerglia.pattern_0.pfm
0.1852	0.1429	0.1323	0.5397
0.2857	0.3280	0.1323	0.2540
0.0847	0.3757	0.1429	0.3968
0.8421	0.0316	0.0790	0.0474
0.0053	0.0105	0.0105	0.9737
0.9631	0.0105	0.0158	0.0105
0.0688	0.0688	0.1534	0.7090
0.4053	0.1632	0.3158	0.1158
0.2158	0.0947	0.2211	0.4684
>Average_8
0.1154	0.7637	0.0607	0.0602
0.9842	0.0010	0.0046	0.0102
0.0056	0.0031	0.9877	0.0036
0.0097	0.0005	0.9883	0.0015
0.0015	0.0000	0.0010	0.9974
0.1456	0.0112	0.8222	0.0210
>pfms_GABAamacrine.pattern_6.pfm
0.6522	0.0783	0.2087	0.0609
0.9739	0.0174	0.0087	0.0000
0.9739	0.0000	0.0174	0.0087
0.0087	0.0696	0.9217	0.0000
0.0000	0.0000	0.0174	0.9826
0.0087	0.0087	0.0087	0.9739
0.0000	0.2000	0.1217	0.6782
0.1391	0.1565	0.3130	0.3913
0.3043	0.1739	0.3565	0.1652
0.2609	0.2261	0.3304	0.1826
0.5130	0.1739	0.2000	0.1130
0.4956	0.2087	0.1565	0.1391
>Average_6
0.5372	0.0620	0.3347	0.0661
0.1529	0.1736	0.1446	0.5289
0.0868	0.3843	0.2810	0.2479
0.7635	0.0664	0.1037	0.0664
0.2397	0.0455	0.6735	0.0413
0.3843	0.0620	0.1488	0.4050
0.0207	0.0372	0.0207	0.9215
0.0579	0.9091	0.0083	0.0248
0.0041	0.0207	0.0083	0.9669
0.0041	0.9711	0.0083	0.0165
0.8967	0.0248	0.0579	0.0207
0.0041	0.2438	0.0413	0.7107
0.1446	0.0124	0.8388	0.0041
0.9256	0.0165	0.0413	0.0165
0.0537	0.0207	0.8678	0.0579
0.9173	0.0165	0.0289	0.0372
0.4091	0.0785	0.0537	0.4587
0.0413	0.8016	0.0372	0.1198
0.0826	0.0785	0.0331	0.8058
0.1281	0.3223	0.4752	0.0744
0.7231	0.1033	0.1074	0.0661
0.0826	0.2975	0.0496	0.5702
0.0744	0.1364	0.4297	0.3595
0.2355	0.2231	0.4876	0.0537
0.2273	0.1157	0.1488	0.5083
0.0785	0.2769	0.1198	0.5248
0.1860	0.0744	0.1074	0.6322
0.3017	0.1240	0.1116	0.4628
>Average_7
0.4679	0.0399	0.4385	0.0537
0.0382	0.0139	0.9097	0.0382
0.7934	0.1632	0.0139	0.0295
0.0052	0.9913	0.0000	0.0035
0.0052	0.9913	0.0000	0.0035
0.1300	0.8457	0.0000	0.0243
0.0833	0.6510	0.0035	0.2622
>pfms_GABAamacrine.pattern_3.pfm
0.1556	0.0593	0.3185	0.4667
0.1556	0.0445	0.7407	0.0593
0.1556	0.0445	0.7778	0.0222
0.3852	0.2296	0.2000	0.1852
0.1037	0.7555	0.0445	0.0963
0.0889	0.8148	0.0370	0.0593
0.0889	0.8370	0.0222	0.0519
0.4444	0.4222	0.0296	0.1037
0.2444	0.4444	0.0741	0.2370
>pfms_GABAamacrine.pattern_2.pfm
0.1905	0.0179	0.2024	0.5893
0.0298	0.0179	0.9464	0.0060
0.0655	0.0000	0.9047	0.0298
0.0298	0.0000	0.0357	0.9345
0.0119	0.0060	0.9821	0.0000
0.0119	0.0000	0.9821	0.0060
0.0952	0.0357	0.4405	0.4286
0.1607	0.5476	0.1488	0.1429
0.1557	0.4132	0.0838	0.3473
0.1377	0.4790	0.0838	0.2994
