>Average_247
0.5320	0.1694	0.1559	0.1428
0.6455	0.0456	0.2751	0.0339
0.8207	0.0225	0.1075	0.0494
0.0017	0.0024	0.0045	0.9914
0.0000	0.9990	0.0003	0.0007
0.7633	0.0304	0.1776	0.0287
0.9623	0.0062	0.0031	0.0283
0.0128	0.0121	0.0038	0.9713
0.4796	0.1023	0.2173	0.2008
>Retinalganglioncell_pattern_7.pfm
0.1918	0.1750	0.1380	0.4952
0.1795	0.4257	0.1453	0.2496
0.6708	0.1155	0.0538	0.1598
0.0039	0.0022	0.0050	0.9888
0.2888	0.1060	0.3354	0.2698
0.7688	0.1291	0.0107	0.0915
0.9097	0.0095	0.0073	0.0735
0.2748	0.0050	0.0107	0.7095
0.0628	0.0308	0.0269	0.8794
0.8979	0.0017	0.0017	0.0987
0.0107	0.0006	0.0050	0.9837
0.0337	0.0034	0.0651	0.8979
0.2407	0.2233	0.0690	0.4669
0.9916	0.0045	0.0028	0.0011
0.1722	0.0645	0.1167	0.6467
>Average_270
0.1384	0.0668	0.1005	0.6944
0.0752	0.2904	0.0616	0.5728
0.4745	0.3894	0.0404	0.0957
0.0628	0.4061	0.0153	0.5158
0.2452	0.0064	0.7370	0.0114
0.0181	0.6873	0.2773	0.0173
0.3151	0.1736	0.0677	0.4436
0.0438	0.2247	0.0166	0.7149
0.0195	0.4759	0.4134	0.0913
0.8401	0.0183	0.1280	0.0136
0.2080	0.3363	0.2817	0.1740
0.0716	0.0620	0.0206	0.8458
0.1726	0.0248	0.5602	0.2424
0.4438	0.3006	0.2251	0.0305
0.3606	0.2225	0.2026	0.2142
0.0768	0.4857	0.0668	0.3707
>Average_260
0.1288	0.6536	0.0904	0.1272
0.6485	0.0600	0.0961	0.1954
0.1128	0.2616	0.5176	0.1080
0.1641	0.1729	0.0520	0.6109
0.1625	0.1185	0.5829	0.1361
0.2426	0.5757	0.1001	0.0817
0.5264	0.0464	0.0816	0.3456
0.0272	0.0969	0.8287	0.0472
0.0985	0.7070	0.0296	0.1649
>Average_241
0.1591	0.0478	0.0167	0.7764
0.8754	0.0120	0.0685	0.0441
0.9944	0.0006	0.0029	0.0021
0.0163	0.0139	0.3142	0.6556
0.0307	0.9300	0.0245	0.0148
0.1421	0.3583	0.0702	0.4294
0.1113	0.1258	0.4109	0.3520
0.2825	0.6290	0.0278	0.0607
0.0114	0.0170	0.0071	0.9645
0.0475	0.0687	0.0226	0.8612
0.7336	0.0326	0.0483	0.1855
>Rodbipolar_pattern_19.pfm
0.2330	0.2039	0.0971	0.4660
0.1942	0.2621	0.0874	0.4563
0.3786	0.2330	0.1165	0.2718
0.2330	0.2621	0.1748	0.3301
0.2451	0.2843	0.3039	0.1667
0.2900	0.3500	0.0700	0.2900
0.1748	0.0000	0.0000	0.8252
1.0000	0.0000	0.0000	0.0000
1.0000	0.0000	0.0000	0.0000
0.2647	0.0000	0.1373	0.5980
0.5146	0.0971	0.2136	0.1748
0.0594	0.0099	0.9307	0.0000
0.0297	0.8713	0.0297	0.0693
0.2843	0.1177	0.0294	0.5686
0.0294	0.0980	0.0294	0.8431
0.0693	0.0594	0.0297	0.8416
>Average_222
0.1538	0.0295	0.0065	0.8101
0.8891	0.0084	0.0491	0.0533
0.9973	0.0000	0.0012	0.0015
0.0199	0.0031	0.2605	0.7165
0.0606	0.8853	0.0203	0.0338
0.0909	0.5758	0.0288	0.3046
0.1266	0.3966	0.1350	0.3418
0.1926	0.2501	0.0698	0.4875
0.0936	0.0176	0.0023	0.8865
0.8431	0.0207	0.0583	0.0779
0.9919	0.0023	0.0019	0.0038
0.0322	0.0200	0.2644	0.6834
0.1047	0.7771	0.0514	0.0667
0.1312	0.5351	0.0426	0.2911
>OFFconebipolar_pattern_22.pfm
0.1831	0.1549	0.1620	0.5000
0.1915	0.1560	0.2270	0.4255
0.1690	0.2394	0.4437	0.1479
0.1761	0.5352	0.1197	0.1690
0.2128	0.2057	0.1206	0.4610
0.2465	0.1268	0.3521	0.2746
0.5282	0.1197	0.1620	0.1901
0.6338	0.1197	0.0916	0.1549
0.2128	0.0426	0.5390	0.2057
0.1348	0.3546	0.2128	0.2979
0.3169	0.0634	0.1690	0.4507
0.0213	0.0355	0.8510	0.0922
0.2958	0.6338	0.0141	0.0563
0.0141	0.0000	0.0070	0.9789
0.1479	0.0845	0.0352	0.7324
0.9648	0.0070	0.0000	0.0282
0.2324	0.0282	0.2746	0.4648
0.1620	0.6760	0.1268	0.0352
0.6408	0.0775	0.1761	0.1056
0.0000	0.0141	0.9436	0.0423
0.2887	0.6972	0.0000	0.0141
0.0000	0.0000	0.0000	1.0000
0.0426	0.0284	0.0071	0.9220
0.8873	0.0000	0.0070	0.1056
0.6099	0.0922	0.1560	0.1418
0.1408	0.1690	0.5070	0.1831
0.2113	0.1408	0.4789	0.1690
0.5319	0.1135	0.1418	0.2128
0.1549	0.1479	0.5352	0.1620
0.4894	0.1489	0.1489	0.2128
>Average_219
0.1268	0.0203	0.0014	0.8514
0.9094	0.0065	0.0399	0.0442
0.9978	0.0014	0.0007	0.0000
0.0145	0.0065	0.1665	0.8125
0.0457	0.8754	0.0312	0.0478
0.0703	0.6152	0.0196	0.2949
0.1427	0.4475	0.1130	0.2969
0.1478	0.3377	0.1681	0.3464
0.2390	0.2802	0.1151	0.3657
0.1477	0.0550	0.0210	0.7762
0.8188	0.0507	0.0732	0.0572
0.9971	0.0015	0.0007	0.0007
0.0268	0.0065	0.2667	0.7000
0.0581	0.8621	0.0399	0.0399
0.0717	0.6104	0.0297	0.2882
>Average_268
0.2825	0.0279	0.6178	0.0718
0.0207	0.0207	0.9368	0.0218
0.8134	0.1774	0.0022	0.0070
0.0005	0.0004	0.0002	0.9989
0.0183	0.0163	0.0025	0.9629
0.8891	0.0018	0.0124	0.0966
>Average_251
0.4463	0.0536	0.3734	0.1267
0.0635	0.0469	0.8179	0.0717
0.7067	0.2001	0.0253	0.0679
0.0195	0.0070	0.0041	0.9694
0.1603	0.0522	0.0242	0.7633
0.8998	0.0044	0.0181	0.0778
0.2805	0.0784	0.2386	0.4026
0.2503	0.4933	0.1384	0.1180
0.2331	0.4100	0.1693	0.1876
0.2270	0.1483	0.2745	0.3502
0.2447	0.0379	0.6440	0.0734
0.0536	0.0353	0.8424	0.0688
0.7952	0.1407	0.0175	0.0466
0.0096	0.0082	0.0061	0.9761
0.1075	0.0425	0.0172	0.8328
0.8826	0.0055	0.0224	0.0894
>Average_141
0.1091	0.0159	0.0020	0.8730
0.8554	0.0059	0.0713	0.0673
1.0000	0.0000	0.0000	0.0000
0.0278	0.0060	0.2167	0.7495
0.0774	0.8710	0.0258	0.0258
0.1030	0.6832	0.0218	0.1921
0.1964	0.0873	0.3750	0.3413
0.1448	0.1032	0.5337	0.2183
0.4040	0.5030	0.0158	0.0772
0.0000	0.0040	0.0000	0.9960
0.0535	0.0475	0.0119	0.8871
0.8396	0.0059	0.0198	0.1347
>Average_264
0.2298	0.0018	0.0027	0.7657
0.9663	0.0027	0.0148	0.0162
0.9955	0.0000	0.0013	0.0031
0.0036	0.0018	0.9636	0.0310
0.0022	0.9946	0.0027	0.0004
0.0992	0.1486	0.0153	0.7370
0.0718	0.2371	0.4378	0.2533
0.1715	0.3229	0.0970	0.4086
0.1360	0.1885	0.1095	0.5660
>Cone_pattern_19.pfm
0.4180	0.0656	0.3934	0.1230
0.0902	0.0000	0.8688	0.0410
0.0000	0.0000	0.9836	0.0164
0.9918	0.0082	0.0000	0.0000
0.0000	0.0000	0.0000	1.0000
0.0082	0.0000	0.0000	0.9918
0.0574	0.0000	0.0000	0.9426
0.9754	0.0000	0.0164	0.0082
0.5328	0.0656	0.3770	0.0246
>Average_263
0.0259	0.1604	0.0024	0.8113
0.9198	0.0495	0.0212	0.0094
0.9953	0.0024	0.0000	0.0024
0.0024	0.0000	0.0000	0.9976
0.0071	0.0094	0.0259	0.9575
0.8042	0.0024	0.1580	0.0354
0.2482	0.2009	0.3877	0.1631
0.2642	0.2123	0.1816	0.3420
0.2637	0.2162	0.2280	0.2922
0.1250	0.2642	0.1061	0.5047
0.4929	0.1203	0.0472	0.3396
0.7759	0.0920	0.0684	0.0637
0.4858	0.0118	0.0283	0.4741
0.0590	0.0519	0.1038	0.7854
0.3420	0.0590	0.2075	0.3915
0.4670	0.1061	0.2594	0.1675
>Average_229
0.0176	0.0236	0.0049	0.9538
0.9913	0.0062	0.0018	0.0007
0.9977	0.0003	0.0007	0.0014
0.0059	0.0013	0.0015	0.9913
0.0162	0.0470	0.3225	0.6142
0.7398	0.0075	0.2243	0.0285
0.1282	0.1282	0.6616	0.0820
>Average_273
0.0017	0.0056	0.0019	0.9908
0.0010	0.0013	0.0124	0.9853
0.7899	0.0015	0.1743	0.0343
0.0069	0.7664	0.0044	0.2223
0.8749	0.0110	0.1002	0.0139
0.0205	0.0872	0.0008	0.8915
0.9492	0.0491	0.0013	0.0005
0.9951	0.0006	0.0031	0.0012
>Average_244
0.0695	0.5430	0.2219	0.1656
0.0792	0.1551	0.3960	0.3696
0.0858	0.1518	0.5974	0.1650
0.0629	0.4768	0.2682	0.1921
0.0429	0.5908	0.2046	0.1617
0.0990	0.5842	0.1089	0.2079
0.0297	0.6436	0.0132	0.3135
0.0231	0.0528	0.0231	0.9010
0.0264	0.0099	0.0033	0.9604
0.2980	0.0000	0.0000	0.7020
0.9703	0.0033	0.0000	0.0264
0.9010	0.0165	0.0660	0.0165
0.1848	0.0297	0.7426	0.0429
0.2492	0.2990	0.3522	0.0997
0.2442	0.2970	0.4059	0.0528
0.1617	0.2508	0.4917	0.0957
>Average_137
0.1120	0.0787	0.4648	0.3446
0.0393	0.8021	0.0276	0.1310
0.0025	0.0192	0.0032	0.9751
0.9718	0.0032	0.0049	0.0201
0.0856	0.0027	0.0017	0.9099
0.1207	0.0047	0.0044	0.8702
0.0603	0.0187	0.0014	0.9197
0.2891	0.0326	0.0030	0.6753
0.0993	0.0289	0.0306	0.8411
0.8423	0.0033	0.1476	0.0068
0.1236	0.0282	0.7451	0.1031
0.3190	0.4433	0.0778	0.1599
>Average_240
0.0739	0.1615	0.1129	0.6517
0.0460	0.1324	0.4802	0.3414
0.6936	0.0264	0.2443	0.0357
0.0021	0.9638	0.0042	0.0300
0.0155	0.0016	0.9824	0.0005
0.0135	0.0405	0.0110	0.9350
0.1190	0.7862	0.0796	0.0152
0.9301	0.0191	0.0370	0.0138
0.0545	0.4782	0.2114	0.2558
>Average_228
0.4957	0.1844	0.2968	0.0231
0.0000	0.0000	0.0000	1.0000
0.0000	0.0000	0.8934	0.1066
0.9856	0.0029	0.0029	0.0086
0.0029	0.6571	0.0720	0.2680
0.4207	0.2450	0.3343	0.0000
0.0086	0.0000	0.0000	0.9913
0.1816	0.8184	0.0000	0.0000
0.9481	0.0375	0.0086	0.0058
0.0288	0.1902	0.1153	0.6657
0.1614	0.4063	0.0807	0.3516
>Average_248
0.0897	0.3543	0.1340	0.4220
0.0079	0.9803	0.0032	0.0086
0.9476	0.0121	0.0201	0.0202
0.0027	0.7899	0.0125	0.1949
0.0987	0.0089	0.8917	0.0007
0.0027	0.0035	0.0024	0.9914
0.0020	0.0057	0.9911	0.0012
0.8703	0.0212	0.0875	0.0209
0.0155	0.7652	0.0453	0.1739
>Average_261
0.7847	0.0471	0.0493	0.1188
0.5507	0.0388	0.0324	0.3780
0.1295	0.4036	0.2173	0.2496
0.1821	0.0820	0.0885	0.6474
0.7866	0.0018	0.2078	0.0037
0.0017	0.0014	0.9876	0.0092
0.0182	0.0065	0.9697	0.0056
0.0890	0.0713	0.1005	0.7392
0.0016	0.9708	0.0019	0.0256
0.9720	0.0012	0.0176	0.0092
>Average_257
0.3877	0.3480	0.2348	0.0296
0.0031	0.0067	0.0010	0.9892
0.0053	0.0078	0.9448	0.0421
0.9671	0.0060	0.0088	0.0180
0.0431	0.0725	0.8288	0.0555
0.0014	0.0023	0.0012	0.9951
0.0278	0.9686	0.0030	0.0006
0.9980	0.0007	0.0009	0.0004
0.0106	0.3300	0.2565	0.4029
>Average_262
0.0365	0.6607	0.0201	0.2827
0.0715	0.0355	0.0069	0.8862
0.0079	0.0021	0.9809	0.0090
0.0635	0.0503	0.8269	0.0593
0.0170	0.9767	0.0027	0.0037
0.7627	0.0090	0.0143	0.2140
0.0980	0.1377	0.6790	0.0853
>Average_205
0.0483	0.4820	0.0362	0.4335
0.0438	0.0105	0.0973	0.8483
0.0045	0.0013	0.9909	0.0032
0.0107	0.0061	0.9749	0.0083
0.0826	0.8970	0.0128	0.0076
0.5211	0.1488	0.0472	0.2829
0.1616	0.2564	0.4002	0.1818
0.2479	0.2709	0.2723	0.2089
0.2233	0.2737	0.3088	0.1942
0.2732	0.1278	0.2092	0.3898
0.0587	0.0909	0.4989	0.3514
0.0481	0.8563	0.0261	0.0694
0.0309	0.9182	0.0215	0.0294
0.5405	0.3145	0.0386	0.1064
0.4828	0.0797	0.3192	0.1184
>Average_154
0.2572	0.0562	0.0920	0.5946
0.5453	0.0622	0.2488	0.1437
0.9005	0.0402	0.0292	0.0301
0.1352	0.1397	0.0857	0.6395
0.2019	0.1874	0.2200	0.3906
0.2688	0.2348	0.2085	0.2879
0.3791	0.1340	0.3586	0.1283
0.5047	0.1180	0.1207	0.2565
0.2839	0.1551	0.1750	0.3860
0.1776	0.3553	0.2509	0.2161
0.0974	0.0128	0.0312	0.8586
0.0023	0.0020	0.9951	0.0005
0.8579	0.0084	0.0783	0.0554
0.0230	0.9621	0.0023	0.0126
0.9054	0.0122	0.0234	0.0590
0.1268	0.0767	0.5756	0.2209
>Average_254
0.1600	0.0717	0.6337	0.1346
0.1485	0.4585	0.3031	0.0900
0.2061	0.4253	0.0969	0.2716
0.2327	0.2633	0.1452	0.3587
0.3144	0.1397	0.3651	0.1808
0.2590	0.0621	0.5389	0.1400
0.0271	0.9134	0.0306	0.0289
0.3287	0.0175	0.0192	0.6346
0.0210	0.0096	0.9545	0.0149
0.1345	0.6873	0.0795	0.0987
>Average_176
0.0779	0.5070	0.2130	0.2021
0.4307	0.1066	0.4213	0.0414
0.2319	0.0652	0.6210	0.0818
0.0020	0.9901	0.0034	0.0045
0.0038	0.9760	0.0050	0.0152
0.9910	0.0005	0.0005	0.0080
0.9921	0.0015	0.0051	0.0012
0.0009	0.0100	0.0011	0.9881
0.0918	0.5642	0.2939	0.0502
0.4579	0.1168	0.4169	0.0084
0.1310	0.2348	0.5727	0.0615
0.3866	0.2979	0.2358	0.0797
0.2797	0.0855	0.5275	0.1073
>Average_245
0.5817	0.1445	0.0861	0.1877
0.3684	0.3731	0.1472	0.1113
0.7038	0.2058	0.0646	0.0258
0.8200	0.0467	0.1089	0.0244
0.5147	0.0562	0.2241	0.2051
0.3332	0.1073	0.4449	0.1146
0.2800	0.1999	0.4671	0.0530
0.2493	0.2797	0.3440	0.1271
0.1257	0.3475	0.2786	0.2482
0.0549	0.4136	0.2230	0.3085
0.0269	0.7366	0.0625	0.1741
0.3098	0.0559	0.0242	0.6101
0.0003	0.1027	0.0478	0.8493
0.0016	0.0003	0.0000	0.9981
0.0128	0.0337	0.9514	0.0022
0.0299	0.0016	0.0019	0.9666
0.0443	0.1657	0.2376	0.5524
0.1140	0.4032	0.0714	0.4113
>Average_215
0.2014	0.1566	0.1285	0.5135
0.2370	0.1288	0.3343	0.2999
0.0315	0.5270	0.4013	0.0403
0.0014	0.9924	0.0012	0.0050
0.0098	0.7289	0.0019	0.2595
0.0933	0.2843	0.0879	0.5345
0.1798	0.3587	0.3224	0.1390
0.6621	0.0425	0.2162	0.0792
0.0888	0.0006	0.9061	0.0045
0.0008	0.0006	0.9981	0.0005
0.0195	0.8624	0.1062	0.0119
0.4868	0.1104	0.0515	0.3514
>Retinalganglioncell_pattern_2.pfm
0.0673	0.3426	0.0651	0.5249
0.0025	0.9927	0.0032	0.0016
0.0435	0.4902	0.0019	0.4644
0.0216	0.8930	0.0044	0.0810
0.2587	0.3254	0.0283	0.3876
0.3909	0.0299	0.3010	0.2782
0.0568	0.0019	0.9286	0.0127
0.0644	0.0006	0.9283	0.0067
0.0029	0.0044	0.9908	0.0019
0.8333	0.0435	0.1032	0.0200
>Average_197
0.0914	0.4900	0.1809	0.2377
0.1228	0.2496	0.3426	0.2850
0.0217	0.0025	0.9732	0.0025
0.0012	0.0215	0.0035	0.9738
0.0278	0.1263	0.0016	0.8443
0.1253	0.0245	0.7019	0.1483
0.0014	0.9458	0.0055	0.0474
0.0014	0.8402	0.0008	0.1576
0.8739	0.0347	0.0401	0.0513
0.0885	0.0452	0.0973	0.7689
0.1010	0.0012	0.8970	0.0008
0.0828	0.0284	0.8849	0.0039
0.3143	0.4024	0.0738	0.2095
0.6374	0.0078	0.2947	0.0601
0.9054	0.0425	0.0386	0.0135
0.0174	0.8502	0.0196	0.1128
>Average_121
0.0852	0.4913	0.1659	0.2576
0.1068	0.2222	0.3268	0.3442
0.0000	0.0000	1.0000	0.0000
0.0000	0.0065	0.0000	0.9935
0.0174	0.0261	0.0000	0.9564
0.0479	0.0022	0.9237	0.0261
0.0000	1.0000	0.0000	0.0000
0.0044	0.3660	0.0044	0.6253
0.7734	0.0370	0.0370	0.1525
0.3573	0.0044	0.6035	0.0349
0.0065	0.0022	0.9913	0.0000
0.1874	0.6579	0.0610	0.0937
0.7429	0.0174	0.1830	0.0566
0.9041	0.0087	0.0828	0.0044
0.0545	0.8889	0.0131	0.0436
>Average_252
0.4075	0.1161	0.3839	0.0925
0.3940	0.2403	0.3224	0.0433
0.0022	0.9949	0.0012	0.0018
0.9637	0.0034	0.0082	0.0247
0.0036	0.0102	0.9358	0.0503
0.5694	0.4095	0.0087	0.0125
0.0234	0.0146	0.0063	0.9557
0.0084	0.0101	0.9491	0.0324
0.0692	0.1338	0.5678	0.2292
>GABAamacrine_pattern_21.pfm
0.0619	0.8738	0.0322	0.0322
0.7160	0.0667	0.0469	0.1704
0.0198	0.0025	0.8963	0.0815
0.0025	0.9852	0.0074	0.0049
0.2247	0.0420	0.0099	0.7235
0.0000	0.0000	0.9975	0.0025
0.0223	0.9381	0.0074	0.0322
0.0938	0.2667	0.0444	0.5951
0.1185	0.0938	0.6296	0.1580
>Average_259
0.1116	0.6241	0.1407	0.1237
0.5303	0.0453	0.0493	0.3751
0.1520	0.1011	0.6912	0.0558
0.2207	0.1399	0.1641	0.4753
0.0542	0.8173	0.1002	0.0283
0.8658	0.0186	0.0331	0.0825
0.0453	0.0194	0.8811	0.0542
0.0396	0.9321	0.0137	0.0146
0.1859	0.1140	0.0146	0.6855
0.0510	0.0348	0.8591	0.0551
>Average_155
0.2738	0.0931	0.4661	0.1671
0.0915	0.7910	0.0533	0.0641
0.0118	0.9805	0.0030	0.0046
0.7627	0.0237	0.1271	0.0865
0.0376	0.6091	0.3290	0.0243
0.1455	0.4198	0.0618	0.3729
0.8750	0.0225	0.0600	0.0425
0.0082	0.0017	0.9863	0.0038
0.4514	0.0060	0.5370	0.0055
0.0275	0.0192	0.5408	0.4125
0.0107	0.0017	0.9814	0.0062
0.0160	0.0219	0.8906	0.0714
0.1133	0.7923	0.0177	0.0767
0.4603	0.0256	0.4761	0.0380
0.0796	0.5138	0.3367	0.0699
0.1165	0.3736	0.0881	0.4217
>Mullerglia_pattern_26.pfm
0.0894	0.8699	0.0000	0.0407
0.8130	0.0325	0.0407	0.1138
0.0976	0.3984	0.4146	0.0894
0.3333	0.3171	0.0732	0.2764
0.3496	0.0732	0.1220	0.4553
0.0732	0.0244	0.8130	0.0894
0.4959	0.0976	0.3089	0.0976
0.2195	0.3333	0.2602	0.1870
0.2459	0.0328	0.3852	0.3361
0.0569	0.0488	0.7967	0.0976
0.1301	0.7154	0.0894	0.0650
0.4309	0.0813	0.1707	0.3171
>Average_196
0.1612	0.5550	0.1656	0.1181
0.9294	0.0108	0.0466	0.0132
0.9329	0.0214	0.0199	0.0258
0.2175	0.1788	0.5387	0.0651
0.9648	0.0062	0.0126	0.0164
0.0073	0.0091	0.0217	0.9619
0.0082	0.0044	0.9839	0.0035
0.0091	0.0146	0.9733	0.0029
0.0070	0.9892	0.0009	0.0029
0.0120	0.0747	0.8637	0.0495
0.0562	0.1008	0.7979	0.0451
0.1022	0.8093	0.0436	0.0448
0.0857	0.3593	0.3978	0.1572
0.1234	0.3359	0.4176	0.1231
0.0962	0.5455	0.2045	0.1538
>Average_266
0.1730	0.2840	0.4896	0.0534
0.0102	0.9740	0.0025	0.0132
0.0148	0.0051	0.9659	0.0142
>Average_256
0.0965	0.0649	0.7973	0.0412
0.0995	0.7950	0.0658	0.0396
0.0523	0.0322	0.8741	0.0414
0.0475	0.8220	0.0873	0.0432
0.4113	0.2464	0.2494	0.0929
0.0701	0.2383	0.1544	0.5373
0.0353	0.0431	0.9041	0.0175
0.0035	0.9848	0.0033	0.0084
0.0063	0.0068	0.9678	0.0190
0.0176	0.8637	0.0356	0.0831
>Average_233
0.1242	0.5168	0.1553	0.2037
0.1391	0.3404	0.2398	0.2807
0.1106	0.3839	0.3304	0.1752
0.0783	0.7093	0.0857	0.1267
0.0845	0.5776	0.1031	0.2348
0.0845	0.6261	0.1665	0.1230
0.0634	0.7242	0.0944	0.1180
0.0697	0.5156	0.1009	0.3138
0.0050	0.9354	0.0311	0.0286
0.0099	0.9453	0.0224	0.0224
0.0261	0.7851	0.0534	0.1354
0.0385	0.6509	0.1689	0.1416
0.0261	0.8497	0.0509	0.0733
0.0932	0.7366	0.0385	0.1317
0.0883	0.6928	0.0908	0.1281
0.0870	0.6584	0.1006	0.1540
0.1342	0.4559	0.2025	0.2075
0.1318	0.5174	0.1567	0.1940
0.1530	0.4627	0.2276	0.1567
0.1416	0.4348	0.2671	0.1565
0.1677	0.4733	0.1590	0.2000
0.1404	0.3093	0.3839	0.1665
0.1333	0.4931	0.2092	0.1644
>Average_213
0.1400	0.2668	0.4849	0.1083
0.1704	0.3003	0.4160	0.1134
0.2990	0.2188	0.3497	0.1325
0.2101	0.1498	0.5783	0.0618
0.1295	0.0517	0.7029	0.1159
0.1654	0.0292	0.7885	0.0168
0.0114	0.0101	0.9685	0.0100
0.0063	0.0108	0.9786	0.0042
0.1133	0.8260	0.0257	0.0350
0.0070	0.0038	0.9807	0.0085
0.0112	0.0177	0.9052	0.0659
0.2024	0.0291	0.7242	0.0443
0.1057	0.0639	0.7872	0.0432
0.0946	0.7064	0.1028	0.0962
>Average_272
0.0604	0.7255	0.1995	0.0146
0.0093	0.9858	0.0023	0.0026
0.0012	0.0003	0.9982	0.0003
0.0083	0.0064	0.9672	0.0182
0.9623	0.0146	0.0127	0.0104
0.9264	0.0119	0.0086	0.0531
0.1639	0.0629	0.7439	0.0293
0.0837	0.2644	0.0690	0.5829
>Average_253
0.1012	0.2981	0.1199	0.4808
0.1578	0.5870	0.0704	0.1849
0.8253	0.0182	0.0960	0.0605
0.0032	0.7383	0.2009	0.0577
0.0086	0.0000	0.0000	0.9914
0.0003	0.0000	0.0000	0.9997
0.0012	0.9859	0.0000	0.0130
0.0032	0.9080	0.0006	0.0882
0.0121	0.2941	0.0631	0.6306
0.0185	0.6557	0.1407	0.1851
0.2260	0.1188	0.0352	0.6201
0.1338	0.0614	0.0401	0.7648
0.1421	0.1291	0.0669	0.6619
>Average_269
0.0595	0.1997	0.6743	0.0666
0.0689	0.7874	0.0630	0.0807
0.3231	0.0995	0.4992	0.0782
0.2527	0.1814	0.4752	0.0908
0.2311	0.0660	0.4544	0.2485
0.0315	0.0262	0.9084	0.0339
0.0843	0.6427	0.2121	0.0609
0.4741	0.3596	0.0689	0.0974
0.0228	0.2489	0.0558	0.6724
0.0374	0.2175	0.4220	0.3231
0.1054	0.7171	0.0893	0.0883
0.0087	0.2464	0.0076	0.7373
0.0049	0.0026	0.9888	0.0036
0.0019	0.0026	0.9940	0.0015
0.0201	0.0035	0.9645	0.0119
0.8742	0.0323	0.0529	0.0406
0.3983	0.1555	0.3289	0.1174
0.2783	0.1286	0.1274	0.4657
0.0636	0.1281	0.0855	0.7228
0.0533	0.0479	0.8547	0.0441
0.0648	0.0783	0.0975	0.7595
0.8094	0.0477	0.0976	0.0453
0.0851	0.0829	0.7474	0.0845
0.0808	0.0861	0.0985	0.7346
0.0942	0.4194	0.1105	0.3760
>Average_212
0.0442	0.1390	0.0505	0.7663
0.1606	0.7434	0.0626	0.0335
0.0348	0.0721	0.0367	0.8565
0.0076	0.9817	0.0019	0.0088
0.0057	0.0032	0.9741	0.0171
0.0006	0.9987	0.0000	0.0006
0.0038	0.0051	0.9880	0.0032
0.7748	0.0993	0.0784	0.0474
0.0380	0.0727	0.7249	0.1645
0.8193	0.0328	0.1200	0.0278
