MEME version 4

ALPHABET= ACGT

strands: + -

Background letter frequencies
A 0.25 C 0.25 G 0.25 T 0.25

MOTIF Average_6
letter-probability matrix: alength= 4 w= 28 nsites= 200
0.5372	0.0620	0.3347	0.0661
0.1529	0.1736	0.1446	0.5289
0.0868	0.3843	0.2810	0.2479
0.7635	0.0664	0.1037	0.0664
0.2397	0.0455	0.6735	0.0413
0.3843	0.0620	0.1488	0.4050
0.0207	0.0372	0.0207	0.9215
0.0579	0.9091	0.0083	0.0248
0.0041	0.0207	0.0083	0.9669
0.0041	0.9711	0.0083	0.0165
0.8967	0.0248	0.0579	0.0207
0.0041	0.2438	0.0413	0.7107
0.1446	0.0124	0.8388	0.0041
0.9256	0.0165	0.0413	0.0165
0.0537	0.0207	0.8678	0.0579
0.9173	0.0165	0.0289	0.0372
0.4091	0.0785	0.0537	0.4587
0.0413	0.8016	0.0372	0.1198
0.0826	0.0785	0.0331	0.8058
0.1281	0.3223	0.4752	0.0744
0.7231	0.1033	0.1074	0.0661
0.0826	0.2975	0.0496	0.5702
0.0744	0.1364	0.4297	0.3595
0.2355	0.2231	0.4876	0.0537
0.2273	0.1157	0.1488	0.5083
0.0785	0.2769	0.1198	0.5248
0.1860	0.0744	0.1074	0.6322
0.3017	0.1240	0.1116	0.4628
URL none

