MEME version 4

ALPHABET= ACGT

strands: + -

Background letter frequencies
A 0.25 C 0.25 G 0.25 T 0.25

MOTIF pfms_GABAamacrine.pattern_6.pfm
letter-probability matrix: alength= 4 w= 12 nsites= 200
0.6522	0.0783	0.2087	0.0609
0.9739	0.0174	0.0087	0.0000
0.9739	0.0000	0.0174	0.0087
0.0087	0.0696	0.9217	0.0000
0.0000	0.0000	0.0174	0.9826
0.0087	0.0087	0.0087	0.9739
0.0000	0.2000	0.1217	0.6782
0.1391	0.1565	0.3130	0.3913
0.3043	0.1739	0.3565	0.1652
0.2609	0.2261	0.3304	0.1826
0.5130	0.1739	0.2000	0.1130
0.4956	0.2087	0.1565	0.1391
URL none

