MEME version 4

ALPHABET= ACGT

strands: + -

Background letter frequencies
A 0.25 C 0.25 G 0.25 T 0.25

MOTIF pfms_Retinalganglioncell.pattern_3.pfm
letter-probability matrix: alength= 4 w= 19 nsites= 200
0.1912	0.1691	0.1397	0.5000
0.1618	0.4412	0.0882	0.3088
0.1250	0.5588	0.1912	0.1250
0.2500	0.1471	0.1985	0.4044
0.4265	0.1985	0.1324	0.2426
0.1324	0.1177	0.2794	0.4706
0.0956	0.0588	0.3676	0.4779
0.1103	0.6250	0.0735	0.1912
0.3235	0.1765	0.3162	0.1838
0.1029	0.0368	0.7720	0.0882
0.0368	0.9338	0.0000	0.0294
0.0221	0.9485	0.0147	0.0147
0.9853	0.0000	0.0074	0.0074
0.0294	0.0147	0.0000	0.9559
0.0441	0.5515	0.2721	0.1324
0.1912	0.0221	0.1029	0.6838
0.0441	0.0147	0.0147	0.9265
0.0882	0.0515	0.7647	0.0956
0.1912	0.1985	0.5073	0.1029
URL none

