MEME version 4

ALPHABET= ACGT

strands: + -

Background letter frequencies
A 0.25 C 0.25 G 0.25 T 0.25

MOTIF pfms_Horizontal.pattern_3.pfm
letter-probability matrix: alength= 4 w= 16 nsites= 200
0.1953	0.1641	0.0703	0.5703
0.2734	0.1484	0.1172	0.4609
0.0859	0.0703	0.0703	0.7734
0.1406	0.4922	0.0547	0.3125
0.1406	0.1328	0.0391	0.6875
0.1094	0.1484	0.0625	0.6797
0.2031	0.3359	0.2109	0.2500
0.5469	0.1250	0.1172	0.2109
0.3047	0.1094	0.1016	0.4844
0.4844	0.1016	0.0703	0.3437
0.1641	0.1328	0.0547	0.6484
0.1875	0.2031	0.0313	0.5781
0.1328	0.1953	0.0234	0.6484
0.1484	0.2734	0.0625	0.5156
0.2109	0.1719	0.1406	0.4766
0.2188	0.1719	0.1094	0.5000
URL none

