>Average_223
0.4075	0.1161	0.3839	0.0925
0.3940	0.2403	0.3224	0.0433
0.0022	0.9949	0.0012	0.0018
0.9637	0.0034	0.0082	0.0247
0.0036	0.0102	0.9358	0.0503
0.5694	0.4095	0.0087	0.0125
0.0234	0.0146	0.0063	0.9557
0.0084	0.0101	0.9491	0.0324
0.0692	0.1338	0.5678	0.2292
>pfms_GABAamacrine.pattern_21.pfm
0.0619	0.8738	0.0322	0.0322
0.7160	0.0667	0.0469	0.1704
0.0198	0.0025	0.8963	0.0815
0.0025	0.9852	0.0074	0.0049
0.2247	0.0420	0.0099	0.7235
0.0000	0.0000	0.9975	0.0025
0.0223	0.9381	0.0074	0.0322
0.0938	0.2667	0.0444	0.5951
0.1185	0.0938	0.6296	0.1580
>Average_229
0.1116	0.6241	0.1407	0.1237
0.5303	0.0453	0.0493	0.3751
0.1520	0.1011	0.6912	0.0558
0.2207	0.1399	0.1641	0.4753
0.0542	0.8173	0.1002	0.0283
0.8658	0.0186	0.0331	0.0825
0.0453	0.0194	0.8811	0.0542
0.0396	0.9321	0.0137	0.0146
0.1859	0.1140	0.0146	0.6855
0.0510	0.0348	0.8591	0.0551
>Average_138
0.2738	0.0931	0.4661	0.1671
0.0915	0.7910	0.0533	0.0641
0.0118	0.9805	0.0030	0.0046
0.7627	0.0237	0.1271	0.0865
0.0376	0.6091	0.3290	0.0243
0.1455	0.4198	0.0618	0.3729
0.8750	0.0225	0.0600	0.0425
0.0082	0.0017	0.9863	0.0038
0.4514	0.0060	0.5370	0.0055
0.0275	0.0192	0.5408	0.4125
0.0107	0.0017	0.9814	0.0062
0.0160	0.0219	0.8906	0.0714
0.1133	0.7923	0.0177	0.0767
0.4603	0.0256	0.4761	0.0380
0.0796	0.5138	0.3367	0.0699
0.1165	0.3736	0.0881	0.4217
>Average_186
0.1598	0.5520	0.1694	0.1188
0.9267	0.0117	0.0478	0.0138
0.9291	0.0231	0.0196	0.0282
0.2172	0.1752	0.5394	0.0682
0.9652	0.0069	0.0107	0.0172
0.0062	0.0090	0.0210	0.9639
0.0086	0.0045	0.9842	0.0028
0.0103	0.0158	0.9707	0.0031
0.0076	0.9880	0.0010	0.0034
0.0121	0.0768	0.8602	0.0510
0.0588	0.1053	0.7884	0.0475
0.1046	0.8094	0.0420	0.0440
0.0858	0.3545	0.4013	0.1585
0.1284	0.3292	0.4218	0.1205
0.0954	0.5432	0.2056	0.1557
>Average_212
0.0739	0.1615	0.1129	0.6517
0.0460	0.1324	0.4802	0.3414
0.6936	0.0264	0.2443	0.0357
0.0021	0.9638	0.0042	0.0300
0.0155	0.0016	0.9824	0.0005
0.0135	0.0405	0.0110	0.9350
0.1190	0.7862	0.0796	0.0152
0.9301	0.0191	0.0370	0.0138
0.0545	0.4782	0.2114	0.2558
>pfms_Mullerglia.pattern_23.pfm
0.5555	0.2077	0.2174	0.0193
0.0000	0.0000	0.0000	1.0000
0.0000	0.0000	0.8309	0.1691
0.9807	0.0048	0.0048	0.0097
0.0048	0.5459	0.0725	0.3768
0.4589	0.1063	0.4348	0.0000
0.0048	0.0000	0.0000	0.9952
0.0048	0.9952	0.0000	0.0000
1.0000	0.0000	0.0000	0.0000
0.0097	0.2029	0.1063	0.6812
0.1498	0.5024	0.1015	0.2464
>Average_218
0.0910	0.3559	0.1366	0.4165
0.0082	0.9800	0.0031	0.0087
0.9469	0.0124	0.0198	0.0209
0.0028	0.7833	0.0129	0.2010
0.1008	0.0092	0.8893	0.0007
0.0028	0.0037	0.0019	0.9916
0.0021	0.0049	0.9923	0.0007
0.8745	0.0202	0.0842	0.0211
0.0151	0.7680	0.0432	0.1737
>Average_231
0.7847	0.0471	0.0493	0.1188
0.5507	0.0388	0.0324	0.3780
0.1295	0.4036	0.2173	0.2496
0.1821	0.0820	0.0885	0.6474
0.7866	0.0018	0.2078	0.0037
0.0017	0.0014	0.9876	0.0092
0.0182	0.0065	0.9697	0.0056
0.0890	0.0713	0.1005	0.7392
0.0016	0.9708	0.0019	0.0256
0.9720	0.0012	0.0176	0.0092
>Average_227
0.3877	0.3480	0.2348	0.0296
0.0031	0.0067	0.0010	0.9892
0.0053	0.0078	0.9448	0.0421
0.9671	0.0060	0.0088	0.0180
0.0431	0.0725	0.8288	0.0555
0.0014	0.0023	0.0012	0.9951
0.0278	0.9686	0.0030	0.0006
0.9980	0.0007	0.0009	0.0004
0.0106	0.3300	0.2565	0.4029
>Average_233
0.0365	0.6607	0.0201	0.2827
0.0715	0.0355	0.0069	0.8862
0.0079	0.0021	0.9809	0.0090
0.0635	0.0503	0.8269	0.0593
0.0170	0.9767	0.0027	0.0037
0.7627	0.0090	0.0143	0.2140
0.0980	0.1377	0.6790	0.0853
>Average_180
0.0483	0.4820	0.0362	0.4335
0.0438	0.0105	0.0973	0.8483
0.0045	0.0013	0.9909	0.0032
0.0107	0.0061	0.9749	0.0083
0.0826	0.8970	0.0128	0.0076
0.5211	0.1488	0.0472	0.2829
0.1616	0.2564	0.4002	0.1818
0.2479	0.2709	0.2723	0.2089
0.2233	0.2737	0.3088	0.1942
0.2732	0.1278	0.2092	0.3898
0.0587	0.0909	0.4989	0.3514
0.0481	0.8563	0.0261	0.0694
0.0309	0.9182	0.0215	0.0294
0.5405	0.3145	0.0386	0.1064
0.4828	0.0797	0.3192	0.1184
>Average_137
0.2572	0.0562	0.0920	0.5946
0.5453	0.0622	0.2488	0.1437
0.9005	0.0402	0.0292	0.0301
0.1352	0.1397	0.0857	0.6395
0.2019	0.1874	0.2200	0.3906
0.2688	0.2348	0.2085	0.2879
0.3791	0.1340	0.3586	0.1283
0.5047	0.1180	0.1207	0.2565
0.2839	0.1551	0.1750	0.3860
0.1776	0.3553	0.2509	0.2161
0.0974	0.0128	0.0312	0.8586
0.0023	0.0020	0.9951	0.0005
0.8579	0.0084	0.0783	0.0554
0.0230	0.9621	0.0023	0.0126
0.9054	0.0122	0.0234	0.0590
0.1268	0.0767	0.5756	0.2209
>Average_224
0.1600	0.0717	0.6337	0.1346
0.1485	0.4585	0.3031	0.0900
0.2061	0.4253	0.0969	0.2716
0.2327	0.2633	0.1452	0.3587
0.3144	0.1397	0.3651	0.1808
0.2590	0.0621	0.5389	0.1400
0.0271	0.9134	0.0306	0.0289
0.3287	0.0175	0.0192	0.6346
0.0210	0.0096	0.9545	0.0149
0.1345	0.6873	0.0795	0.0987
>Average_153
0.0779	0.5070	0.2130	0.2021
0.4307	0.1066	0.4213	0.0414
0.2319	0.0652	0.6210	0.0818
0.0020	0.9901	0.0034	0.0045
0.0038	0.9760	0.0050	0.0152
0.9910	0.0005	0.0005	0.0080
0.9921	0.0015	0.0051	0.0012
0.0009	0.0100	0.0011	0.9881
0.0918	0.5642	0.2939	0.0502
0.4579	0.1168	0.4169	0.0084
0.1310	0.2348	0.5727	0.0615
0.3866	0.2979	0.2358	0.0797
0.2797	0.0855	0.5275	0.1073
>Average_217
0.5817	0.1445	0.0861	0.1877
0.3684	0.3731	0.1472	0.1113
0.7038	0.2058	0.0646	0.0258
0.8200	0.0467	0.1089	0.0244
0.5147	0.0562	0.2241	0.2051
0.3332	0.1073	0.4449	0.1146
0.2800	0.1999	0.4671	0.0530
0.2493	0.2797	0.3440	0.1271
0.1257	0.3475	0.2786	0.2482
0.0549	0.4136	0.2230	0.3085
0.0269	0.7366	0.0625	0.1741
0.3098	0.0559	0.0242	0.6101
0.0003	0.1027	0.0478	0.8493
0.0016	0.0003	0.0000	0.9981
0.0128	0.0337	0.9514	0.0022
0.0299	0.0016	0.0019	0.9666
0.0443	0.1657	0.2376	0.5524
0.1140	0.4032	0.0714	0.4113
>Average_189
0.2014	0.1566	0.1285	0.5135
0.2370	0.1288	0.3343	0.2999
0.0315	0.5270	0.4013	0.0403
0.0014	0.9924	0.0012	0.0050
0.0098	0.7289	0.0019	0.2595
0.0933	0.2843	0.0879	0.5345
0.1798	0.3587	0.3224	0.1390
0.6621	0.0425	0.2162	0.0792
0.0888	0.0006	0.9061	0.0045
0.0008	0.0006	0.9981	0.0005
0.0195	0.8624	0.1062	0.0119
0.4868	0.1104	0.0515	0.3514
>pfms_Retinalganglioncell.pattern_2.pfm
0.0673	0.3426	0.0651	0.5249
0.0025	0.9927	0.0032	0.0016
0.0435	0.4902	0.0019	0.4644
0.0216	0.8930	0.0044	0.0810
0.2587	0.3254	0.0283	0.3876
0.3909	0.0299	0.3010	0.2782
0.0568	0.0019	0.9286	0.0127
0.0644	0.0006	0.9283	0.0067
0.0029	0.0044	0.9908	0.0019
0.8333	0.0435	0.1032	0.0200
>Average_240
0.1605	0.2671	0.5208	0.0516
0.0112	0.9714	0.0028	0.0146
0.0163	0.0056	0.9624	0.0157
>Average_226
0.0965	0.0649	0.7973	0.0412
0.0995	0.7950	0.0658	0.0396
0.0523	0.0322	0.8741	0.0414
0.0475	0.8220	0.0873	0.0432
0.4113	0.2464	0.2494	0.0929
0.0701	0.2383	0.1544	0.5373
0.0353	0.0431	0.9041	0.0175
0.0035	0.9848	0.0033	0.0084
0.0063	0.0068	0.9678	0.0190
0.0176	0.8637	0.0356	0.0831
>Average_205
0.1242	0.5168	0.1553	0.2037
0.1391	0.3404	0.2398	0.2807
0.1106	0.3839	0.3304	0.1752
0.0783	0.7093	0.0857	0.1267
0.0845	0.5776	0.1031	0.2348
0.0845	0.6261	0.1665	0.1230
0.0634	0.7242	0.0944	0.1180
0.0697	0.5156	0.1009	0.3138
0.0050	0.9354	0.0311	0.0286
0.0099	0.9453	0.0224	0.0224
0.0261	0.7851	0.0534	0.1354
0.0385	0.6509	0.1689	0.1416
0.0261	0.8497	0.0509	0.0733
0.0932	0.7366	0.0385	0.1317
0.0883	0.6928	0.0908	0.1281
0.0870	0.6584	0.1006	0.1540
0.1342	0.4559	0.2025	0.2075
0.1318	0.5174	0.1567	0.1940
0.1530	0.4627	0.2276	0.1567
0.1416	0.4348	0.2671	0.1565
0.1677	0.4733	0.1590	0.2000
0.1404	0.3093	0.3839	0.1665
0.1333	0.4931	0.2092	0.1644
>Average_187
0.1400	0.2668	0.4849	0.1083
0.1704	0.3003	0.4160	0.1134
0.2990	0.2188	0.3497	0.1325
0.2101	0.1498	0.5783	0.0618
0.1295	0.0517	0.7029	0.1159
0.1654	0.0292	0.7885	0.0168
0.0114	0.0101	0.9685	0.0100
0.0063	0.0108	0.9786	0.0042
0.1133	0.8260	0.0257	0.0350
0.0070	0.0038	0.9807	0.0085
0.0112	0.0177	0.9052	0.0659
0.2024	0.0291	0.7242	0.0443
0.1057	0.0639	0.7872	0.0432
0.0946	0.7064	0.1028	0.0962
>Average_165
0.0933	0.4873	0.1796	0.2397
0.1221	0.2473	0.3405	0.2900
0.0214	0.0021	0.9742	0.0023
0.0012	0.0208	0.0037	0.9742
0.0293	0.1312	0.0017	0.8378
0.1321	0.0260	0.6893	0.1527
0.0015	0.9451	0.0046	0.0489
0.0015	0.8341	0.0008	0.1637
0.8719	0.0354	0.0410	0.0518
0.0813	0.0447	0.0890	0.7850
0.1015	0.0012	0.8967	0.0006
0.0832	0.0216	0.8919	0.0033
0.3113	0.4038	0.0713	0.2136
0.6359	0.0077	0.2947	0.0618
0.9116	0.0354	0.0393	0.0137
0.0168	0.8532	0.0166	0.1133
>pfms_GABAamacrine.pattern_27.pfm
0.0326	0.0047	0.9209	0.0419
0.0000	0.0884	0.0047	0.9070
0.0698	0.1767	0.0140	0.7395
0.1023	0.0651	0.6372	0.1953
0.0000	0.9814	0.0047	0.0140
0.0465	0.5860	0.0093	0.3581
0.1116	0.0419	0.0326	0.8139
0.6651	0.0047	0.3256	0.0047
0.0000	0.0000	1.0000	0.0000
0.0233	0.9116	0.0047	0.0605
0.9302	0.0000	0.0326	0.0372
0.9907	0.0000	0.0093	0.0000
0.0000	1.0000	0.0000	0.0000
>Average_206
0.3366	0.1683	0.4255	0.0696
0.0270	0.9363	0.0154	0.0212
0.0193	0.0097	0.9556	0.0154
0.0541	0.1834	0.1892	0.5734
0.1257	0.6615	0.1451	0.0677
0.8275	0.0426	0.0756	0.0543
0.0194	0.7984	0.0562	0.1260
0.0386	0.0270	0.0772	0.8571
0.0193	0.0212	0.0463	0.9131
0.0271	0.9226	0.0309	0.0193
0.0039	0.9884	0.0019	0.0058
0.0058	0.0212	0.9131	0.0598
0.0251	0.2901	0.5957	0.0890
>Average_190
0.0579	0.7353	0.1928	0.0139
0.0071	0.9889	0.0015	0.0025
0.0011	0.0002	0.9986	0.0001
0.0074	0.0054	0.9696	0.0177
0.9640	0.0135	0.0125	0.0101
0.9287	0.0092	0.0078	0.0542
0.1646	0.0627	0.7427	0.0300
0.0853	0.2724	0.0699	0.5723
>Average_238
0.0982	0.3023	0.1266	0.4729
0.1517	0.5870	0.0755	0.1857
0.8066	0.0216	0.1096	0.0622
0.0043	0.7323	0.1942	0.0693
0.0094	0.0003	0.0000	0.9903
0.0003	0.0000	0.0000	0.9997
0.0014	0.9833	0.0000	0.0153
0.0031	0.9560	0.0009	0.0400
0.0119	0.2793	0.0897	0.6191
0.0187	0.6277	0.1673	0.1863
0.2203	0.1232	0.0395	0.6170
0.1334	0.0653	0.0488	0.7525
0.1448	0.1684	0.0713	0.6156
>Average_232
0.0619	0.2082	0.6591	0.0708
0.0726	0.7725	0.0681	0.0869
0.3236	0.1086	0.4874	0.0804
0.2502	0.1917	0.4630	0.0951
0.2251	0.0690	0.4622	0.2437
0.0343	0.0290	0.8998	0.0370
0.0865	0.6416	0.2128	0.0590
0.4499	0.3764	0.0732	0.1005
0.0235	0.2561	0.0582	0.6622
0.0384	0.2244	0.4220	0.3152
0.1049	0.7220	0.0804	0.0927
0.0092	0.2479	0.0084	0.7346
0.0053	0.0029	0.9881	0.0037
0.0021	0.0027	0.9937	0.0014
0.0212	0.0034	0.9628	0.0125
0.8801	0.0330	0.0536	0.0333
0.4215	0.1396	0.3401	0.0988
0.2819	0.1159	0.1168	0.4854
0.0378	0.1134	0.0759	0.7728
0.0283	0.0240	0.9292	0.0185
0.0388	0.0631	0.0890	0.8091
0.8711	0.0264	0.0843	0.0182
0.0676	0.0652	0.8004	0.0669
0.0627	0.0687	0.0824	0.7862
0.0776	0.4374	0.0956	0.3894
>Average_163
0.0399	0.1141	0.0417	0.8043
0.1670	0.7332	0.0799	0.0200
0.0327	0.0490	0.0672	0.8512
0.0000	0.9964	0.0018	0.0018
0.0018	0.0000	0.9982	0.0000
0.0109	0.9801	0.0036	0.0054
0.0018	0.0018	0.9927	0.0036
0.8691	0.0418	0.0455	0.0436
0.0163	0.0381	0.8530	0.0926
0.8424	0.0399	0.0960	0.0217
0.2391	0.2029	0.2681	0.2899
0.0690	0.3793	0.1706	0.3811
>Average_219
0.5320	0.1694	0.1559	0.1428
0.6455	0.0456	0.2751	0.0339
0.8207	0.0225	0.1075	0.0494
0.0017	0.0024	0.0045	0.9914
0.0000	0.9990	0.0003	0.0007
0.7633	0.0304	0.1776	0.0287
0.9623	0.0062	0.0031	0.0283
0.0128	0.0121	0.0038	0.9713
0.4796	0.1023	0.2173	0.2008
>pfms_Retinalganglioncell.pattern_7.pfm
0.1918	0.1750	0.1380	0.4952
0.1795	0.4257	0.1453	0.2496
0.6708	0.1155	0.0538	0.1598
0.0039	0.0022	0.0050	0.9888
0.2888	0.1060	0.3354	0.2698
0.7688	0.1291	0.0107	0.0915
0.9097	0.0095	0.0073	0.0735
0.2748	0.0050	0.0107	0.7095
0.0628	0.0308	0.0269	0.8794
0.8979	0.0017	0.0017	0.0987
0.0107	0.0006	0.0050	0.9837
0.0337	0.0034	0.0651	0.8979
0.2407	0.2233	0.0690	0.4669
0.9916	0.0045	0.0028	0.0011
0.1722	0.0645	0.1167	0.6467
>Average_236
0.1484	0.0804	0.1161	0.6550
0.0827	0.3321	0.0694	0.5158
0.5093	0.3652	0.0421	0.0835
0.0847	0.2113	0.0198	0.6841
0.0146	0.0037	0.9779	0.0038
0.0217	0.7943	0.1648	0.0192
0.3191	0.1745	0.0432	0.4631
0.0423	0.2538	0.0189	0.6850
0.0255	0.4114	0.4444	0.1188
0.8062	0.0242	0.1519	0.0177
0.2306	0.3235	0.2628	0.1832
0.0788	0.0635	0.0246	0.8331
0.1711	0.0314	0.5234	0.2741
0.4516	0.2949	0.2175	0.0360
0.3462	0.2264	0.2069	0.2206
0.0790	0.4798	0.0578	0.3834
>Average_213
0.3510	0.0721	0.5203	0.0565
0.1961	0.1883	0.2110	0.4046
0.0190	0.2414	0.3153	0.4242
0.1778	0.6369	0.0100	0.1753
0.8750	0.0122	0.0580	0.0549
0.1571	0.3370	0.3653	0.1406
0.0050	0.0599	0.0047	0.9304
0.0328	0.2931	0.6676	0.0066
0.7683	0.0115	0.1706	0.0496
0.4228	0.1257	0.1850	0.2665
0.0140	0.5667	0.4092	0.0100
0.0262	0.2283	0.0109	0.7346
0.1609	0.0056	0.8172	0.0162
0.1229	0.0349	0.4459	0.3963
0.7004	0.0430	0.1992	0.0574
0.7830	0.0655	0.0380	0.1135
0.5981	0.0914	0.1799	0.1307
>Average_230
0.1288	0.6536	0.0904	0.1272
0.6485	0.0600	0.0961	0.1954
0.1128	0.2616	0.5176	0.1080
0.1641	0.1729	0.0520	0.6109
0.1625	0.1185	0.5829	0.1361
0.2426	0.5757	0.1001	0.0817
0.5264	0.0464	0.0816	0.3456
0.0272	0.0969	0.8287	0.0472
0.0985	0.7070	0.0296	0.1649
>Average_237
0.2825	0.0279	0.6178	0.0718
0.0207	0.0207	0.9368	0.0218
0.8134	0.1774	0.0022	0.0070
0.0005	0.0004	0.0002	0.9989
0.0183	0.0163	0.0025	0.9629
0.8891	0.0018	0.0124	0.0966
>Average_234
0.4253	0.0730	0.3636	0.1381
0.0881	0.0623	0.7607	0.0889
0.6519	0.2030	0.0564	0.0886
0.0344	0.0320	0.0146	0.9189
0.1632	0.0512	0.0228	0.7627
0.8951	0.0051	0.0220	0.0778
0.3537	0.0710	0.2154	0.3599
0.2352	0.4444	0.1756	0.1447
0.2345	0.4138	0.1646	0.1871
0.2399	0.1678	0.2616	0.3307
0.2409	0.0358	0.6466	0.0767
0.0474	0.0336	0.8498	0.0691
0.7949	0.1520	0.0154	0.0377
0.0079	0.0062	0.0054	0.9805
0.0959	0.0453	0.0157	0.8431
0.8843	0.0049	0.0214	0.0894
>Average_214
0.1591	0.0478	0.0167	0.7764
0.8754	0.0120	0.0685	0.0441
0.9944	0.0006	0.0029	0.0021
0.0163	0.0139	0.3142	0.6556
0.0307	0.9300	0.0245	0.0148
0.1421	0.3583	0.0702	0.4294
0.1113	0.1258	0.4109	0.3520
0.2825	0.6290	0.0278	0.0607
0.0114	0.0170	0.0071	0.9645
0.0475	0.0687	0.0226	0.8612
0.7336	0.0326	0.0483	0.1855
>Average_194
0.1570	0.0313	0.0066	0.8050
0.8842	0.0091	0.0511	0.0556
0.9971	0.0000	0.0012	0.0016
0.0214	0.0033	0.2622	0.7131
0.0627	0.8812	0.0210	0.0351
0.0911	0.5692	0.0297	0.3100
0.1253	0.3982	0.1356	0.3409
0.1937	0.2498	0.0684	0.4880
0.0952	0.0185	0.0012	0.8850
0.8454	0.0190	0.0577	0.0779
0.9946	0.0012	0.0008	0.0033
0.0293	0.0181	0.2627	0.6899
0.0998	0.7873	0.0491	0.0639
0.1282	0.5449	0.0363	0.2906
>Average_193
0.1268	0.0203	0.0014	0.8514
0.9094	0.0065	0.0399	0.0442
0.9978	0.0014	0.0007	0.0000
0.0145	0.0065	0.1665	0.8125
0.0457	0.8754	0.0312	0.0478
0.0703	0.6152	0.0196	0.2949
0.1427	0.4475	0.1130	0.2969
0.1478	0.3377	0.1681	0.3464
0.2390	0.2802	0.1151	0.3657
0.1477	0.0550	0.0210	0.7762
0.8188	0.0507	0.0732	0.0572
0.9971	0.0015	0.0007	0.0007
0.0268	0.0065	0.2667	0.7000
0.0581	0.8621	0.0399	0.0399
0.0717	0.6104	0.0297	0.2882
>Average_183
0.2399	0.0019	0.0024	0.7558
0.9672	0.0024	0.0157	0.0147
0.9957	0.0000	0.0010	0.0033
0.0014	0.0010	0.9724	0.0252
0.0019	0.9952	0.0024	0.0005
0.0879	0.1515	0.0143	0.7463
0.0737	0.2443	0.4225	0.2595
0.1616	0.3260	0.0979	0.4144
0.1354	0.1905	0.1097	0.5644
>Average_235
0.0259	0.1604	0.0024	0.8113
0.9198	0.0495	0.0212	0.0094
0.9953	0.0024	0.0000	0.0024
0.0024	0.0000	0.0000	0.9976
0.0071	0.0094	0.0259	0.9575
0.8042	0.0024	0.1580	0.0354
0.2482	0.2009	0.3877	0.1631
0.2642	0.2123	0.1816	0.3420
0.2637	0.2162	0.2280	0.2922
0.1250	0.2642	0.1061	0.5047
0.4929	0.1203	0.0472	0.3396
0.7759	0.0920	0.0684	0.0637
0.4858	0.0118	0.0283	0.4741
0.0590	0.0519	0.1038	0.7854
0.3420	0.0590	0.2075	0.3915
0.4670	0.1061	0.2594	0.1675
>Average_202
0.0176	0.0236	0.0049	0.9538
0.9913	0.0062	0.0018	0.0007
0.9977	0.0003	0.0007	0.0014
0.0059	0.0013	0.0015	0.9913
0.0162	0.0470	0.3225	0.6142
0.7398	0.0075	0.2243	0.0285
0.1282	0.1282	0.6616	0.0820
>Average_239
0.0017	0.0056	0.0019	0.9908
0.0010	0.0013	0.0124	0.9853
0.7899	0.0015	0.1743	0.0343
0.0069	0.7664	0.0044	0.2223
0.8749	0.0110	0.1002	0.0139
0.0205	0.0872	0.0008	0.8915
0.9492	0.0491	0.0013	0.0005
0.9951	0.0006	0.0031	0.0012
>Average_125
0.1120	0.0787	0.4648	0.3446
0.0393	0.8021	0.0276	0.1310
0.0025	0.0192	0.0032	0.9751
0.9718	0.0032	0.0049	0.0201
0.0856	0.0027	0.0017	0.9099
0.1207	0.0047	0.0044	0.8702
0.0603	0.0187	0.0014	0.9197
0.2891	0.0326	0.0030	0.6753
0.0993	0.0289	0.0306	0.8411
0.8423	0.0033	0.1476	0.0068
0.1236	0.0282	0.7451	0.1031
0.3190	0.4433	0.0778	0.1599
